sample_uid	87073	87706	87731	87130	87746	87143	87823	87232	87277	87732	87721	87733	87409	87747	87408	87697	87410	87720	87285	87320	87257	87776	87425	87435	87436	87327	87384	87388	87786	87149	87936	87617	87549
113106	16295.0	0	0	0	0	0	0	0	0	0	0	0	0	0	0	0	0	0	0	0	0	0	0	0	0	0	0	0	0	0	0	0	0
113023	27153.0	0	0	0	0	0	0	0	0	0	0	0	0	0	0	0	0	0	0	0	0	0	0	0	0	0	0	0	0	0	0	0	0
113046	22506.0	0	0	0	0	0	0	0	0	0	0	0	0	0	0	0	0	0	0	0	0	0	0	0	0	0	0	0	0	0	0	0	0
112971	15768.0	0	0	0	0	0	0	0	0	0	0	0	0	0	0	0	0	0	0	0	0	0	0	0	0	0	0	0	0	0	0	0	0
112993	34753.0	0	0	0	0	0	0	0	0	0	0	0	0	0	0	0	0	0	0	0	0	0	0	0	0	0	0	0	0	0	0	0	0
112980	21771.0	0	0	0	0	0	0	0	0	0	0	0	0	0	0	0	0	0	0	0	0	0	0	0	0	0	0	0	0	0	0	0	0
112989	27812.0	0	0	0	0	0	0	0	0	0	0	0	0	0	0	0	0	0	0	0	0	0	0	0	0	0	0	0	0	0	0	0	0
113024	16189.0	0	0	0	0	0	0	0	0	0	0	0	0	0	0	0	0	0	0	0	0	0	0	0	0	0	0	0	0	0	0	0	0
113059	27691.0	0	0	0	0	0	0	0	0	0	0	0	0	0	0	0	0	0	0	0	0	0	0	0	0	0	0	0	0	0	0	0	0
113042	21356.0	0	0	0	0	0	0	0	0	0	0	0	0	0	0	0	0	0	0	0	0	0	0	0	0	0	0	0	0	0	0	0	0
113035	14403.0	0	0	0	0	0	0	0	0	0	0	0	0	0	0	0	0	0	0	0	0	0	0	0	0	0	0	0	0	0	0	0	0
113078	13819.0	0	0	0	0	0	0	0	0	0	0	0	0	0	0	0	0	0	0	0	0	0	0	0	0	0	0	0	0	0	0	0	0
113025	9420.0	0	0	0	0	0	0	0	0	0	0	0	0	0	0	0	0	0	0	0	0	0	0	0	0	0	0	0	0	0	0	0	0
112982	24626.0	0	0	0	0	0	0	0	0	0	0	0	0	0	0	0	0	0	0	0	0	0	0	0	0	0	0	0	0	0	0	0	0
113013	15634.0	0	0	0	0	0	0	0	0	0	0	0	0	0	0	0	0	0	0	0	0	0	0	0	0	0	0	0	0	0	0	0	0
113026	19339.0	0	0	0	0	0	0	0	0	0	0	0	0	0	0	0	0	0	0	0	0	0	0	0	0	0	0	0	0	0	0	0	0
112972	35685.0	0	0	0	0	0	0	0	0	0	0	0	0	0	0	0	0	0	0	0	0	0	0	0	0	0	0	0	0	0	0	0	0
113016	22299.0	0	0	0	0	0	0	0	0	0	0	0	0	0	0	0	0	0	0	0	0	0	0	0	0	0	0	0	0	0	0	0	0
112962	19903.0	0	0	0	0	0	0	0	0	0	0	0	0	0	0	0	0	0	0	0	0	0	0	0	0	0	0	0	0	0	0	0	0
112979	14209.0	0	0	0	0	0	0	0	0	0	0	0	0	0	0	0	0	0	0	0	0	0	0	0	0	0	0	0	0	0	0	0	0
113177	20411.0	0	0	0	0	0	0	0	0	0	0	0	0	0	0	0	0	0	0	0	0	0	0	0	0	0	0	0	0	0	0	0	0
113049	6665.0	0	0	0	0	0	0	0	0	0	0	0	0	0	0	0	0	0	0	0	0	0	0	0	0	0	0	0	0	0	0	0	0
112974	18312.0	0	0	0	0	0	0	0	0	0	0	0	0	0	0	0	0	0	0	0	0	0	0	0	0	0	0	0	0	0	0	0	0
113014	21003.0	0	0	0	0	0	0	0	0	0	0	0	0	0	0	0	0	0	0	0	0	0	0	0	0	0	0	0	0	0	0	0	0
113038	29093.0	0	0	0	0	0	0	0	0	0	0	0	0	0	0	0	0	0	0	0	0	0	0	0	0	0	0	0	0	0	0	0	0
113052	23650.0	0	0	0	0	0	0	0	0	0	0	0	0	0	0	0	0	0	0	0	0	0	0	0	0	0	0	0	0	0	0	0	0
113045	12715.0	0	0	0	0	0	0	0	0	0	0	0	0	0	0	0	0	0	0	0	0	0	0	0	0	0	0	0	0	0	0	0	0
113005	24306.0	0	0	0	0	0	0	0	0	0	0	0	0	0	0	0	0	0	0	0	0	0	0	0	0	0	0	0	0	0	0	0	0
113051	15757.0	0	0	0	0	0	0	0	0	0	0	0	0	0	0	0	0	0	0	0	0	0	0	0	0	0	0	0	0	0	0	0	0
113044	19801.0	0	0	0	0	0	0	0	0	0	0	0	0	0	0	0	0	0	0	0	0	0	0	0	0	0	0	0	0	0	0	0	0
113034	23799.0	0	0	0	0	0	0	0	0	0	0	0	0	0	0	0	0	0	0	0	0	0	0	0	0	0	0	0	0	0	0	0	0
112968	21961.0	0	0	0	0	0	0	0	0	0	0	0	0	0	0	0	0	0	0	0	0	0	0	0	0	0	0	0	0	0	0	0	0
112959	20390.0	0	0	0	0	0	0	0	0	0	0	0	0	0	0	0	0	0	0	0	0	0	0	0	0	0	0	0	0	0	0	0	0
113193	22417.0	0	0	0	0	0	0	0	0	0	0	0	0	0	0	0	0	0	0	0	0	0	0	842.0	0	0	0	0	0	0	0	0	236.0
112961	20971.0	0	0	0	0	0	0	0	0	0	0	0	0	0	0	0	0	0	0	0	0	0	0	0	0	0	0	0	0	0	1148.0	0	0
113030	13407.0	0	0	0	0	0	0	0	0	0	0	0	0	0	0	0	0	0	0	0	0	0	0	0	0	0	0	0	0	1511.0	0	0	0
113031	20890.0	0	0	0	0	0	0	0	0	0	0	0	0	0	0	0	0	0	0	0	0	0	0	0	0	2790.0	0	0	0	0	0	0	0
113099	7891.0	0	0	0	0	0	0	0	0	0	0	0	0	0	0	0	0	0	0	0	0	0	0	0	661.0	0	0	0	0	0	0	0	2196.0
112984	0	20265.0	0	0	0	0	0	0	0	0	0	0	0	0	0	0	0	0	0	0	0	0	0	0	0	0	0	0	0	0	0	0	0
113070	0	21658.0	0	0	0	0	0	0	0	0	0	0	0	0	0	0	0	0	0	0	0	0	0	0	0	0	0	0	0	0	0	0	0
113172	0	17075.0	0	0	0	0	0	0	0	0	0	0	0	0	0	0	0	0	0	0	0	0	0	0	0	0	0	0	0	0	0	0	0
113069	0	20080.0	0	0	0	0	0	0	0	0	0	0	0	0	0	0	0	0	0	0	0	0	0	0	0	0	0	0	0	0	0	0	0
113175	0	22143.0	0	0	0	0	0	0	0	0	0	0	0	0	0	0	0	0	0	0	0	0	0	0	0	0	0	0	0	0	0	0	0
113065	0	25276.0	0	0	0	0	0	0	0	0	0	0	0	0	0	0	0	0	0	0	0	0	0	0	0	0	0	0	0	0	0	0	0
113111	0	17431.0	0	0	0	0	0	0	0	0	0	0	0	0	0	0	0	0	0	0	0	0	0	0	0	0	0	0	0	0	0	0	0
113089	0	17626.0	0	0	0	0	0	0	0	0	0	0	0	0	0	0	0	0	0	0	0	0	0	0	0	0	0	0	0	0	0	0	0
113041	0	18195.0	0	0	0	0	0	0	0	0	0	0	0	0	0	0	0	0	0	0	0	0	0	0	0	0	0	0	0	0	0	0	0
113194	0	14738.0	0	0	0	0	0	0	0	0	0	0	0	0	0	0	0	0	0	0	0	0	0	0	0	0	0	0	0	0	0	311.0	0
113120	0	12431.0	0	0	0	0	0	0	0	0	0	0	0	0	0	0	0	0	0	0	0	0	0	0	0	0	0	0	0	0	0	0	0
112998	0	12835.0	0	0	0	0	0	0	0	0	0	0	0	0	0	0	0	0	0	0	0	0	0	0	0	0	0	0	0	0	0	0	0
113143	0	19618.0	0	0	0	0	0	0	0	0	0	0	0	0	0	0	0	0	0	0	0	0	0	0	0	0	0	0	0	0	0	0	0
113200	0	19943.0	0	0	0	0	0	0	0	0	0	0	0	0	0	0	0	0	0	0	0	0	0	0	0	0	0	0	0	0	0	0	0
113075	0	17090.0	0	0	0	0	0	0	0	0	0	0	0	0	0	0	0	0	0	0	0	0	0	0	0	0	0	0	0	0	0	0	0
113000	0	20412.0	0	0	0	0	0	0	0	0	0	0	0	0	0	0	0	0	0	0	0	0	0	0	0	0	0	0	0	0	0	0	0
113135	0	15285.0	0	0	0	0	0	0	0	0	0	0	0	0	0	0	0	0	0	0	0	0	0	0	0	0	0	0	0	0	0	0	0
113079	0	14379.0	0	0	0	0	0	0	0	0	0	0	0	0	0	0	0	0	0	0	0	0	0	0	0	0	0	0	0	0	0	0	0
113140	0	12953.0	0	0	0	0	0	0	0	0	0	0	0	0	0	0	0	0	0	0	0	0	0	0	0	0	0	0	0	0	0	0	0
113179	0	17802.0	0	0	0	0	0	0	0	0	0	0	0	0	0	0	0	0	0	0	0	0	0	0	0	0	0	0	0	0	0	0	0
113168	0	15464.0	0	0	0	0	0	0	0	0	0	0	0	0	0	0	0	0	0	0	0	0	0	0	0	0	0	0	0	0	0	0	0
113123	0	13183.0	0	0	0	0	0	0	0	0	0	0	0	0	0	0	0	0	0	0	0	0	0	0	0	0	0	0	0	0	0	0	0
113157	0	17515.0	0	0	0	0	0	0	0	0	0	0	0	0	0	0	0	0	0	0	0	0	0	0	0	0	0	0	0	0	0	0	0
113127	0	16533.0	0	0	0	0	0	0	0	0	0	0	0	0	0	0	0	0	0	0	0	0	0	0	0	0	0	0	0	0	0	0	0
113072	0	13646.0	0	0	0	0	0	0	0	0	0	0	0	0	0	0	0	0	0	0	0	0	0	0	0	0	0	0	0	0	0	0	0
113073	0	8754.0	0	0	0	0	0	0	0	0	0	0	0	0	0	0	0	0	0	0	0	0	0	0	0	0	0	0	0	0	0	0	0
112960	0	10234.0	0	0	0	0	0	0	0	0	0	0	0	0	0	0	0	0	0	0	0	0	0	0	0	0	0	0	0	0	0	0	0
112992	0	12543.0	0	0	0	0	0	0	0	0	0	0	0	0	0	0	0	0	0	0	0	0	0	0	0	0	0	0	0	0	0	0	0
112981	0	18454.0	0	0	0	0	0	0	0	0	0	0	0	0	0	0	0	0	0	0	0	0	0	0	0	0	0	0	0	0	0	0	0
113171	0	16036.0	0	0	0	0	0	0	0	0	0	0	0	0	0	0	0	0	0	0	0	0	0	0	0	0	0	0	0	0	0	0	0
113182	0	12125.0	0	0	0	0	0	0	0	0	0	0	0	0	0	0	0	0	0	0	0	0	0	0	0	0	0	0	0	0	0	0	0
113119	0	0	18686.0	0	0	0	0	0	0	0	0	0	0	0	0	0	0	0	0	0	0	0	0	0	0	0	0	0	0	0	0	0	0
113080	0	0	12113.0	0	0	0	0	0	0	0	0	0	0	0	0	0	0	0	0	0	0	0	0	0	0	0	0	0	0	0	0	0	0
113190	0	0	20916.0	0	0	0	0	0	0	0	0	0	0	0	0	0	0	0	0	0	0	0	0	0	0	0	0	0	0	0	0	0	0
113118	0	0	9815.0	0	0	0	0	0	0	0	0	0	0	0	0	0	0	0	0	0	0	0	0	0	0	0	0	0	0	0	0	0	0
113191	0	0	13766.0	0	0	0	0	0	0	0	0	0	0	0	0	0	0	0	0	0	0	0	0	0	0	0	0	0	0	0	0	0	0
113169	0	0	19237.0	0	0	0	0	0	0	0	0	0	0	0	0	0	0	0	0	0	0	0	0	0	0	0	0	0	0	0	0	0	0
113086	0	0	15502.0	0	0	0	0	0	0	0	0	0	0	0	0	0	0	0	0	0	0	0	0	0	0	0	0	0	0	0	0	0	0
113066	0	0	13827.0	0	0	0	0	0	0	0	0	0	0	0	0	0	0	0	0	0	0	0	0	0	0	0	0	0	0	0	0	0	0
113144	0	0	19949.0	0	0	0	0	0	0	0	0	0	0	0	0	0	0	0	0	0	0	0	0	0	0	0	0	0	0	0	0	0	0
113071	0	0	7652.0	0	0	0	0	0	0	0	0	0	0	0	0	0	0	0	0	0	0	0	0	0	0	0	0	0	0	0	0	0	0
112985	0	0	18617.0	0	0	0	0	0	0	0	0	0	0	0	0	0	0	0	0	0	0	0	0	0	0	0	0	0	0	0	0	0	0
113117	0	0	19371.0	0	0	0	0	0	0	0	0	0	0	0	0	0	0	0	0	0	0	0	0	0	0	0	0	0	0	0	0	0	0
113098	0	0	17434.0	0	0	0	0	0	0	0	0	0	0	0	0	0	0	0	0	0	0	0	0	0	0	0	0	0	0	0	0	0	0
113158	0	0	14563.0	0	0	0	0	0	0	0	0	0	0	0	0	0	0	0	0	0	0	0	0	0	0	0	0	0	0	0	0	0	0
113133	0	0	15626.0	0	0	0	0	0	0	0	0	0	0	0	0	0	0	0	0	0	0	0	0	0	0	0	0	0	0	0	0	0	0
113092	0	0	21832.0	0	0	0	0	0	0	0	0	0	0	0	0	0	0	0	0	0	0	0	0	0	0	0	0	0	0	0	0	0	0
113006	0	0	20775.0	0	0	0	0	0	0	0	0	0	0	0	0	0	0	0	0	0	0	0	0	0	0	0	0	0	0	0	0	0	0
113021	0	0	16817.0	0	0	0	0	0	0	0	0	0	0	0	0	0	0	0	0	0	0	0	0	0	0	0	0	0	0	0	0	0	0
113198	0	0	17131.0	0	0	0	0	0	0	0	0	0	0	0	0	0	0	0	0	0	0	0	0	0	0	0	0	0	0	0	0	0	0
112958	0	0	13909.0	0	0	0	0	0	0	0	0	0	0	0	0	0	0	0	0	0	0	0	0	0	0	0	0	0	0	0	0	0	0
113162	0	0	14299.0	0	0	0	0	0	0	0	0	0	0	0	0	0	0	0	0	0	0	0	0	0	0	0	0	0	0	0	0	0	0
113181	0	0	20438.0	0	0	0	0	0	0	0	0	0	0	0	0	0	0	0	0	0	0	0	0	0	0	0	0	0	0	0	0	0	0
112954	0	0	21364.0	0	0	0	0	0	0	0	0	0	0	0	0	0	0	0	0	0	0	0	0	0	0	0	0	0	0	0	0	0	0
113126	0	0	7854.0	0	0	0	0	0	0	0	0	0	0	0	0	0	0	0	0	0	0	0	0	0	0	0	0	0	0	0	0	0	0
113083	0	0	18247.0	0	0	0	0	0	0	0	0	0	0	0	0	0	0	0	0	0	0	0	0	0	0	0	0	0	0	0	0	0	0
112953	0	0	14363.0	0	0	0	0	0	0	0	0	0	0	0	0	0	0	0	0	0	0	0	0	0	0	0	0	0	0	0	0	657.0	0
113110	0	0	22155.0	0	0	0	0	0	0	0	0	0	0	0	0	0	0	0	0	0	0	0	0	0	0	0	0	0	0	0	0	0	0
113178	0	0	15237.0	0	0	0	0	0	0	0	0	0	0	0	0	0	0	0	0	0	0	0	0	0	0	0	0	0	0	0	0	0	0
112964	0	0	14257.0	0	0	0	0	0	0	0	0	0	0	0	0	0	0	0	0	0	0	0	0	0	0	0	0	0	0	0	0	0	0
113095	0	0	13546.0	0	0	0	0	0	0	0	0	0	0	0	0	0	0	0	0	0	0	0	0	0	0	0	0	0	0	0	0	0	0
113130	0	0	10695.0	0	0	0	0	0	0	0	0	0	0	0	0	0	0	0	0	0	0	0	0	0	0	0	0	0	0	0	0	0	0
113145	0	0	0	0	0	0	0	0	0	5425.0	0	0	0	0	0	0	0	0	0	0	0	0	0	0	0	0	0	0	0	0	10201.0	0	0
113160	0	0	0	0	0	0	8076.0	0	0	0	0	0	0	0	0	0	0	0	0	0	0	0	0	0	0	0	0	0	0	0	12753.0	0	0
113036	0	0	0	9631.0	0	0	0	0	0	0	0	0	0	0	0	0	0	0	0	0	0	0	0	0	0	0	0	0	0	0	12624.0	0	0
113074	0	0	0	0	0	0	8644.0	0	0	0	0	0	0	0	0	0	0	0	0	0	0	0	0	0	0	0	0	0	0	0	11861.0	0	0
113040	0	0	0	0	0	0	0	0	0	0	0	10531.0	0	0	0	0	0	0	0	0	0	0	0	0	0	0	0	0	0	0	13519.0	0	0
113114	0	0	0	0	0	0	0	0	0	0	0	18277.0	0	0	0	0	0	0	0	0	0	0	0	0	0	0	0	0	0	0	22366.0	0	0
112970	0	0	0	18661.0	0	0	0	0	0	0	0	0	0	0	0	0	0	0	0	0	0	0	0	0	0	0	0	0	0	0	0	0	0
112995	0	0	0	21039.0	0	0	0	0	0	0	0	0	0	0	0	0	0	0	0	0	0	0	0	0	0	0	0	0	0	0	0	0	0
113189	0	0	0	21344.0	0	0	0	0	0	0	0	0	0	0	0	0	0	0	0	0	0	0	0	0	0	0	0	0	0	0	0	0	0
113199	0	0	0	30769.0	0	0	0	0	0	0	0	0	0	0	0	0	0	0	0	0	0	0	0	0	0	0	0	0	0	0	0	0	0
113082	0	0	0	19283.0	0	0	0	0	0	0	0	0	0	0	0	0	0	0	0	0	0	0	0	0	0	0	0	0	0	0	0	0	0
113027	0	0	0	21575.0	0	0	0	0	0	0	0	0	0	0	0	0	0	0	0	0	0	0	0	0	0	0	0	0	0	0	0	0	0
113012	0	0	0	22258.0	0	0	0	0	0	0	0	0	0	0	0	0	0	0	0	0	0	0	0	0	0	0	0	0	0	0	263.0	0	0
113018	0	0	0	20507.0	0	0	0	0	0	0	0	0	0	0	0	0	0	0	0	0	0	0	0	0	0	0	0	0	0	0	0	0	0
113062	0	0	0	18139.0	0	0	0	0	0	0	0	0	0	0	0	0	0	0	0	0	0	0	0	0	0	0	0	0	0	0	538.0	0	0
112994	0	0	0	28750.0	0	0	0	0	0	0	0	0	0	0	0	0	0	0	0	0	0	0	0	0	0	0	0	0	0	0	0	0	0
112987	0	0	0	18344.0	0	0	0	0	0	0	0	0	0	0	0	0	0	0	0	0	0	0	0	0	0	0	0	0	0	0	0	0	0
113201	0	0	0	23001.0	0	0	0	0	0	0	0	0	0	0	0	0	0	0	0	0	0	0	0	0	0	0	0	0	0	0	0	0	0
112956	0	0	0	19375.0	0	0	0	0	0	0	0	0	0	0	0	0	0	0	0	0	0	0	0	0	0	0	0	0	0	0	512.0	0	0
113163	0	0	0	19673.0	0	0	0	0	0	0	0	0	0	0	0	0	0	0	0	0	445.0	0	0	0	0	0	0	0	0	0	0	217.0	0
112991	0	0	0	14411.0	0	0	0	0	0	0	0	0	0	0	0	0	0	0	0	0	0	0	0	0	0	0	0	0	0	0	3108.0	0	0
113129	0	0	0	11487.0	0	0	0	0	0	0	0	0	0	0	0	0	0	0	0	0	0	0	0	0	0	0	0	0	0	0	8927.0	0	0
113132	0	0	0	16413.0	0	0	0	0	0	0	0	0	0	0	0	0	0	0	0	0	0	0	0	0	0	0	0	0	0	0	14258.0	0	0
113165	0	0	0	11656.0	0	0	0	0	0	0	0	0	0	0	0	0	0	0	0	0	0	0	0	0	0	0	0	0	0	0	9396.0	0	0
113138	0	0	0	10141.0	0	0	0	0	0	0	0	0	0	0	0	0	0	0	0	0	0	0	0	0	0	0	0	0	0	0	9113.0	0	0
113004	0	0	0	1099.0	0	0	0	0	0	0	0	0	0	0	0	0	0	0	0	0	0	0	0	0	0	0	0	0	0	0	985.0	0	0
113050	0	0	0	0	32086.0	0	0	0	0	0	0	0	0	0	0	0	0	0	0	0	0	0	0	0	0	0	0	0	0	0	0	0	0
113139	0	0	0	0	25349.0	0	0	0	0	0	0	0	0	0	0	0	0	0	0	0	0	0	0	0	0	0	0	0	0	0	0	0	0
113061	0	0	0	0	27689.0	0	0	0	0	0	0	0	0	0	0	0	0	0	0	0	0	0	0	0	0	0	0	0	0	0	0	0	0
113116	0	0	0	0	29673.0	0	0	0	0	0	0	0	0	0	0	0	0	0	0	0	0	0	0	0	0	0	0	0	0	0	0	0	0
113054	0	0	0	0	20565.0	0	0	0	0	0	0	0	0	0	0	0	0	0	0	0	0	0	0	0	0	0	0	0	0	0	0	0	0
113096	0	0	0	0	17932.0	0	0	0	0	0	0	0	0	0	0	0	0	0	0	0	0	0	0	0	0	0	0	0	0	0	0	0	0
113124	0	0	0	0	22158.0	0	0	0	0	0	0	0	0	0	0	0	0	0	0	0	0	0	0	0	0	0	0	0	0	0	0	0	0
113091	0	0	0	0	15833.0	0	0	0	0	0	0	0	0	0	0	0	0	0	0	0	0	0	0	0	0	0	0	0	0	0	0	0	0
112977	0	0	0	0	23658.0	0	0	0	0	0	0	0	0	0	0	0	0	0	0	0	0	0	0	0	0	0	0	0	0	0	0	0	0
113093	0	0	0	0	31430.0	0	0	0	0	0	0	0	0	0	0	0	0	0	0	0	0	0	0	0	0	0	0	0	0	0	0	0	0
113109	0	0	0	0	21274.0	0	0	0	0	0	0	0	0	0	0	0	0	0	0	0	0	0	0	0	0	0	0	0	0	0	0	0	0
113020	0	0	0	0	19919.0	0	0	0	0	0	0	0	0	0	0	0	0	0	0	0	0	0	0	0	0	0	0	0	0	0	0	0	0
113164	0	0	0	0	23647.0	0	0	0	0	0	0	0	0	0	0	0	0	0	0	0	0	0	0	0	0	0	0	0	0	0	0	0	0
113174	0	0	0	0	23371.0	0	0	0	0	0	0	0	0	0	0	0	0	0	0	0	0	0	0	0	0	0	0	0	0	0	0	0	0
112988	0	0	0	0	28118.0	0	0	0	0	0	0	0	0	0	0	0	0	0	0	0	0	0	0	0	0	0	0	0	0	0	0	0	0
113032	0	0	0	0	19346.0	0	0	0	0	0	0	0	0	0	0	0	0	0	0	0	0	0	0	0	0	0	0	0	0	0	0	0	0
113039	0	0	0	0	19616.0	0	0	0	0	0	0	0	0	0	0	0	0	0	0	0	0	0	0	0	0	0	0	0	0	0	0	0	0
113134	0	0	0	0	22458.0	0	0	0	0	0	0	0	0	0	0	0	0	0	0	0	0	0	0	0	0	0	0	0	0	0	0	0	0
113090	0	0	0	0	28572.0	0	0	0	0	0	0	0	0	0	0	0	0	0	0	0	0	0	0	0	0	0	0	0	0	0	0	0	0
113053	0	0	0	0	16156.0	0	0	0	0	0	0	0	0	0	0	0	0	0	0	0	0	0	0	0	0	0	0	0	0	0	0	0	0
112997	0	0	0	0	0	26665.0	0	0	0	0	0	0	0	0	0	0	0	0	0	0	0	0	0	0	0	0	0	0	0	0	0	0	0
113057	0	0	0	0	0	52250.0	0	0	0	0	0	0	0	0	0	0	0	0	0	0	0	0	0	0	0	0	0	0	0	0	0	0	0
113102	0	0	0	0	0	28021.0	0	0	0	0	0	0	0	0	0	0	0	0	0	0	0	0	0	0	0	0	0	0	0	0	0	0	0
113056	0	0	0	0	0	18576.0	0	0	0	0	0	0	0	0	0	0	0	0	0	0	0	0	0	0	0	0	0	0	0	0	0	0	0
113197	0	0	0	0	0	25973.0	0	0	0	0	0	0	0	0	0	0	0	0	0	0	0	0	0	0	0	0	0	0	0	0	0	0	0
113087	0	0	0	0	0	16469.0	0	0	0	0	0	0	0	0	0	0	0	0	0	0	0	0	0	0	0	0	0	0	0	0	0	0	0
112973	0	0	0	0	0	28095.0	0	0	0	0	0	0	0	0	0	0	0	0	0	0	0	0	0	0	0	0	0	0	0	0	0	0	0
113043	0	0	0	0	0	19453.0	0	0	0	0	0	0	0	0	0	0	0	0	0	0	0	0	0	0	0	0	0	0	0	0	0	0	0
113153	0	0	0	0	0	27387.0	0	0	0	0	0	0	0	0	0	0	0	0	0	0	0	0	0	0	0	0	0	0	0	0	0	0	0
113152	0	0	0	0	0	27316.0	0	0	0	0	0	0	0	0	0	0	0	0	0	0	0	0	0	0	0	0	0	0	0	0	0	0	0
113055	0	0	0	0	0	51733.0	0	0	0	0	0	0	0	0	0	0	0	0	0	0	0	0	0	0	0	0	0	0	0	0	0	0	0
113002	0	0	0	0	0	13253.0	0	0	0	0	0	0	0	0	0	0	0	0	0	0	0	0	0	0	0	0	0	0	0	0	0	0	0
113088	0	0	0	0	0	30475.0	0	0	0	0	0	0	0	0	0	0	0	0	0	0	0	0	0	0	0	0	0	0	0	0	0	0	0
113094	0	0	0	0	0	30993.0	0	0	0	0	0	0	0	0	0	0	0	0	0	0	0	0	0	0	0	0	0	0	0	0	0	0	0
112966	0	0	0	0	0	0	25333.0	0	0	0	0	0	0	0	0	0	0	0	0	0	0	0	0	0	0	0	0	0	0	0	0	0	0
113141	0	0	0	0	0	0	23173.0	0	0	0	0	0	0	0	0	0	0	0	0	0	0	0	0	0	0	0	0	0	0	0	0	0	0
113192	0	0	0	0	0	0	24148.0	0	0	0	0	0	0	0	0	0	0	0	0	0	0	0	0	0	0	0	0	0	0	0	0	0	0
113142	0	0	0	0	0	0	16640.0	0	0	0	0	0	0	0	0	0	0	0	0	0	0	0	0	0	0	0	0	0	0	0	0	0	0
113187	0	0	0	0	0	0	20250.0	0	0	0	0	0	0	0	0	0	0	0	0	0	0	0	0	0	0	0	0	0	0	0	0	0	0
113131	0	0	0	0	0	0	14018.0	0	0	0	0	0	0	0	0	0	0	0	0	0	0	0	0	0	0	0	0	0	0	0	9213.0	0	0
113166	0	0	0	0	0	0	11509.0	0	0	0	0	0	0	0	0	0	0	0	0	0	0	0	0	0	0	0	0	0	0	0	12112.0	0	0
113176	0	0	0	0	0	0	8104.0	0	0	0	0	0	0	0	0	0	0	0	0	0	0	0	0	0	0	0	0	0	0	0	8366.0	0	0
113017	0	0	0	0	0	0	0	18872.0	0	0	0	0	0	0	0	0	0	0	0	0	0	0	0	0	0	0	0	0	0	0	0	0	0
112975	0	0	0	0	0	0	0	22587.0	0	0	0	0	0	0	0	0	0	0	0	0	0	0	0	0	0	0	0	0	0	0	0	0	0
112955	0	0	0	0	0	0	0	21560.0	0	0	0	0	0	0	0	0	0	0	0	0	0	0	0	0	0	0	0	0	0	0	0	0	0
113029	0	0	0	0	0	0	0	27214.0	0	0	0	0	0	0	0	0	0	0	0	0	0	0	0	0	0	0	0	0	0	0	0	0	0
112999	0	0	0	0	0	0	0	26909.0	0	0	0	0	0	0	0	0	0	0	0	0	0	0	0	0	0	0	0	0	0	0	0	0	0
113003	0	0	0	0	0	0	0	19051.0	0	0	0	0	0	0	0	0	0	0	0	0	0	0	0	0	0	0	0	0	0	0	0	0	0
113019	0	0	0	0	0	0	0	17432.0	0	0	0	0	0	0	0	0	0	0	0	0	0	0	0	0	0	0	0	0	0	0	0	0	0
112996	0	0	0	0	0	0	0	19367.0	0	0	0	0	0	0	0	0	0	0	0	0	0	0	0	0	0	0	0	0	0	0	0	0	0
113067	0	0	0	0	0	0	0	7927.0	0	0	0	0	0	0	0	0	0	0	0	1232.0	0	0	0	0	0	0	0	0	0	0	0	0	0
113149	0	0	0	0	0	0	0	0	10324.0	0	0	0	0	0	0	0	0	0	0	0	0	0	0	0	0	0	0	0	0	0	0	0	0
113058	0	0	0	0	0	0	0	0	25114.0	0	0	0	0	0	0	0	0	0	0	0	0	0	0	0	0	0	0	0	0	0	0	0	0
113173	0	0	0	0	0	0	0	0	14065.0	0	0	0	0	0	0	0	0	0	0	0	0	0	0	0	0	0	0	0	0	0	0	0	0
113097	0	0	0	0	0	0	0	0	713.0	0	0	0	0	0	0	0	0	0	0	0	0	0	0	0	0	0	0	0	0	0	0	0	0
113185	0	0	0	0	0	0	0	0	8157.0	0	0	0	0	0	0	0	0	0	0	0	0	0	0	0	0	0	0	0	0	0	0	0	0
113150	0	0	0	0	0	0	0	0	9553.0	0	0	0	0	0	0	0	0	0	0	0	0	0	0	0	0	0	0	0	0	0	0	0	0
113136	0	0	0	0	0	0	0	0	10887.0	0	0	0	0	0	0	0	0	0	0	0	0	0	0	0	0	0	0	0	0	0	0	0	0
112965	0	0	0	0	0	0	0	0	8088.0	0	0	0	0	0	0	0	0	0	0	0	0	0	0	0	0	0	0	0	0	0	0	0	0
112976	0	0	0	0	0	0	0	0	2392.0	0	0	0	0	0	0	0	0	0	0	0	0	0	0	0	0	0	0	0	0	0	0	0	0
112967	0	0	0	0	0	0	0	0	0	25405.0	0	0	0	0	0	0	0	0	0	0	0	0	0	0	0	0	0	0	0	0	0	0	0
113147	0	0	0	0	0	0	0	0	0	20630.0	0	0	0	0	0	0	0	0	0	0	0	0	0	0	0	0	0	0	0	0	0	0	0
113068	0	0	0	0	0	0	0	0	0	25584.0	0	0	0	0	0	0	0	0	0	0	0	0	0	0	0	0	0	0	0	0	0	0	0
113084	0	0	0	0	0	0	0	0	0	15094.0	0	0	0	0	0	0	0	0	0	0	0	0	0	0	0	0	0	0	0	0	0	0	0
113183	0	0	0	0	0	0	0	0	0	19739.0	0	0	0	0	0	0	0	0	0	0	0	0	0	0	0	0	0	0	0	0	0	0	0
112978	0	0	0	0	0	0	0	0	0	0	20916.0	0	0	0	0	0	0	0	0	0	0	0	0	0	0	0	0	0	0	0	0	0	0
113047	0	0	0	0	0	0	0	0	0	0	19971.0	0	0	0	0	0	0	0	0	0	0	0	0	0	0	0	0	0	0	0	0	0	0
113009	0	0	0	0	0	0	0	0	0	0	14754.0	0	0	0	0	0	0	0	0	0	0	0	0	0	0	0	0	0	0	0	0	0	0
113063	0	0	0	0	0	0	0	0	0	0	30297.0	0	0	0	0	0	0	0	0	0	0	0	0	0	0	0	0	0	0	0	0	0	0
113001	0	0	0	0	0	0	0	0	0	0	22306.0	0	0	0	0	0	0	0	0	0	0	0	0	0	0	0	0	0	0	0	0	0	0
113146	0	0	0	0	0	0	0	0	0	0	20753.0	0	0	0	0	0	0	0	0	0	0	0	0	0	0	0	0	0	0	0	0	0	0
113161	0	0	0	0	0	0	0	0	0	0	25538.0	0	0	0	0	0	0	0	0	0	0	0	0	0	0	0	0	0	0	0	0	0	0
112957	0	0	0	0	0	0	0	0	0	0	0	11716.0	0	0	0	0	0	0	0	0	0	0	0	0	0	0	0	0	0	0	7475.0	0	0
113167	0	0	0	0	0	0	0	0	0	0	0	12884.0	0	0	0	0	0	0	0	0	0	0	0	0	0	0	0	0	0	0	8309.0	0	0
113115	0	0	0	0	0	0	0	0	0	0	0	20378.0	0	0	0	0	0	0	0	0	0	0	0	0	0	0	0	0	0	0	13692.0	0	0
113128	0	0	0	0	0	0	0	0	0	0	0	5543.0	0	0	0	0	0	0	0	0	0	0	0	0	0	0	0	0	0	0	0	18270.0	0
113122	0	0	0	0	0	0	0	0	0	0	0	5040.0	0	0	0	0	0	0	0	0	0	0	0	0	0	0	0	0	0	0	0	16524.0	0
113202	0	0	0	0	0	0	0	0	0	5675.0	0	0	0	0	0	0	0	0	0	0	0	0	0	0	0	0	0	0	0	0	0	14533.0	0
113121	0	0	0	0	0	0	0	0	0	6292.0	0	0	0	0	0	0	0	0	0	0	0	0	0	0	0	0	0	0	0	0	0	13314.0	0
113064	0	0	0	0	0	0	0	0	0	0	0	0	24398.0	0	0	0	0	0	0	0	0	0	0	0	0	0	0	0	0	0	0	0	0
113076	0	0	0	0	0	0	0	0	0	0	0	0	15061.0	0	0	0	0	0	0	0	0	0	0	0	0	0	0	0	0	0	0	0	0
113170	0	0	0	0	0	0	0	0	0	0	0	0	17160.0	0	0	0	0	0	0	0	0	0	0	0	0	0	0	0	0	0	0	0	0
113155	0	0	0	0	0	0	0	0	0	0	0	0	26252.0	0	0	0	0	0	0	0	0	0	0	0	0	0	0	0	0	0	0	0	0
113077	0	0	0	0	0	0	0	0	0	0	0	0	24923.0	0	0	0	0	0	0	0	0	0	0	0	0	0	0	0	0	0	0	0	0
113060	0	0	0	0	0	0	0	0	0	0	0	0	20897.0	0	0	0	0	0	0	0	0	0	0	0	0	0	0	0	0	0	0	0	0
113103	0	0	0	0	0	0	0	0	0	0	0	0	13056.0	0	0	0	0	0	0	0	0	0	0	0	0	0	0	0	0	0	0	0	0
113037	0	0	0	0	0	0	0	0	0	0	0	0	0	16194.0	0	0	0	0	0	0	0	0	0	0	0	0	0	0	0	0	0	0	0
113028	0	0	0	0	0	0	0	0	0	0	0	0	0	22808.0	0	0	0	0	0	0	0	0	0	0	0	0	0	0	0	0	0	0	0
113015	0	0	0	0	0	0	0	0	0	0	0	0	0	25427.0	0	0	0	0	0	0	0	0	0	0	0	0	0	0	0	0	0	0	0
112990	0	0	0	0	0	0	0	0	0	0	0	0	0	26449.0	0	0	0	0	0	0	0	0	0	0	0	0	0	0	0	0	0	0	0
113113	0	0	0	0	0	0	0	0	0	0	0	0	0	25103.0	0	0	0	0	0	0	0	0	0	0	0	0	0	0	0	0	0	0	0
113104	0	0	0	0	0	0	0	0	0	0	0	0	0	6081.0	0	0	0	0	0	0	0	0	0	0	0	0	0	0	0	0	0	0	0
112983	0	0	0	0	0	0	0	0	0	0	0	0	0	0	16019.0	0	0	0	0	0	0	0	0	0	0	0	0	0	0	0	3725.0	0	0
113008	0	0	0	0	0	0	0	0	0	0	0	0	0	0	16125.0	0	0	0	0	0	0	0	0	0	0	0	0	0	0	0	6851.0	0	0
113188	0	0	0	0	0	0	0	0	0	0	0	0	0	0	13159.0	0	0	0	0	0	0	0	0	0	0	0	0	0	0	0	5294.0	0	0
113180	0	0	0	0	0	0	0	0	0	0	0	0	0	0	11579.0	0	0	0	0	0	0	0	0	0	0	0	0	0	0	0	5760.0	0	0
113203	0	0	0	0	0	0	0	0	0	0	0	0	0	0	15362.0	0	0	0	0	0	693.0	0	0	0	0	0	0	0	0	0	8550.0	0	0
113156	0	0	0	0	0	0	0	0	0	0	0	0	0	0	0	18104.0	0	0	0	0	0	0	0	0	0	0	0	0	0	0	0	0	0
113107	0	0	0	0	0	0	0	0	0	0	0	0	0	0	0	19014.0	0	0	0	0	0	0	0	0	0	0	0	0	0	0	0	0	0
112963	0	0	0	0	0	0	0	0	0	0	0	0	0	0	0	18614.0	0	0	0	0	0	0	0	0	0	0	0	0	0	0	0	0	0
112986	0	0	0	0	0	0	0	0	0	0	0	0	0	0	0	14360.0	0	0	0	0	0	0	0	0	0	0	0	0	0	0	0	0	0
113184	0	0	0	0	0	0	0	0	0	0	0	0	0	0	0	0	23123.0	0	0	0	0	0	0	0	0	0	0	0	0	0	0	0	0
113108	0	0	0	0	0	0	0	0	0	0	0	0	0	0	0	0	18690.0	0	0	0	0	0	0	0	0	0	0	0	0	0	0	0	0
113048	0	0	0	0	0	0	0	0	0	0	0	0	0	0	0	0	7715.0	0	0	0	0	0	0	0	0	0	0	0	0	0	0	0	0
113186	0	0	0	0	0	0	0	0	0	0	0	0	0	0	0	0	18117.0	0	0	0	0	0	0	0	0	0	0	0	0	0	0	0	0
113022	0	0	0	0	0	0	0	0	0	0	0	0	0	0	0	0	0	20223.0	0	0	0	0	0	0	0	0	0	0	0	0	0	0	0
113112	0	0	0	0	0	0	0	0	0	0	0	0	0	0	0	0	0	19566.0	0	0	0	0	0	0	0	0	0	0	0	0	0	0	0
113033	0	0	0	0	0	0	0	0	0	0	0	0	0	0	0	0	0	19673.0	0	0	0	0	0	0	0	0	0	0	0	0	0	0	0
113159	0	0	0	0	0	0	0	0	0	0	0	0	0	0	0	0	0	0	24037.0	0	0	0	0	0	0	0	0	0	0	0	0	0	0
113137	0	0	0	0	0	0	0	0	0	0	0	0	0	0	0	0	0	0	21959.0	0	0	0	0	0	0	0	0	0	0	0	0	0	0
113151	0	0	0	0	0	0	0	0	0	0	0	0	0	0	0	0	0	0	6530.0	0	0	0	0	0	0	0	0	0	0	0	0	0	0
113125	0	0	0	0	0	0	0	0	0	0	0	0	0	0	0	0	0	0	0	496.0	0	0	0	0	0	0	0	0	0	0	0	0	0
113081	0	0	0	0	0	0	0	0	0	0	0	0	0	0	0	0	0	0	0	0	0	8626.0	0	0	0	0	0	0	0	0	0	0	0
113010	0	0	0	0	0	0	0	0	0	0	0	0	0	0	0	0	0	0	0	0	0	334.0	0	0	0	0	0	0	0	0	0	0	0
113100	0	0	0	0	0	0	0	0	0	0	0	0	0	0	0	0	0	0	0	0	0	0	5808.0	0	0	0	0	0	0	0	0	0	0
113101	0	0	0	0	0	0	0	0	0	0	0	0	0	0	0	0	0	0	0	0	0	0	0	0	0	0	134.0	0	0	0	0	0	0
113148	0	0	0	0	0	0	0	0	0	0	0	0	0	0	0	0	0	0	0	0	0	0	0	0	0	0	0	2176.0	0	0	0	0	0
112969	0	0	0	0	0	0	0	0	0	0	0	0	0	0	0	0	0	0	0	0	0	0	0	0	0	0	0	0	13749.0	0	0	0	0
113196	0	0	0	0	0	0	0	0	0	0	0	0	0	0	0	0	0	0	0	0	0	0	0	0	0	0	0	0	0	0	0	0	0
113195	0	0	0	0	0	0	0	0	0	0	0	0	0	0	0	0	0	0	0	0	0	0	0	0	0	0	0	0	0	0	0	0	0
113154	0	0	0	0	0	0	0	0	0	0	0	0	0	0	0	0	0	0	0	0	0	0	0	0	0	0	0	0	0	0	0	0	0
113105	0	0	0	0	0	0	0	0	0	0	0	0	0	0	0	0	0	0	0	0	0	0	0	0	0	0	0	0	0	0	0	0	0
113085	0	0	0	0	0	0	0	0	0	0	0	0	0	0	0	0	0	0	0	0	0	0	0	0	0	0	0	0	0	0	0	0	0
113011	0	0	0	0	0	0	0	0	0	0	0	0	0	0	0	0	0	0	0	0	0	0	0	0	0	0	0	0	0	0	0	0	0
113007	0	0	0	0	0	0	0	0	0	0	0	0	0	0	0	0	0	0	0	0	0	0	0	0	0	0	0	0	0	0	0	0	0
