sample_uid	87073	87706	87731	87130	87746	87143	87823	87232	87277	87732	87721	87733	87409	87747	87408	87697	87410	87720	87285	87320	87257	87776	87425	87435	87436	87327	87384	87388	87786	87149	87936	87617	87549
113106	0.9780912364945978	0	0	0	0	0	0	0	0	0	0	0	0	0	0	0	0	0	0	0	0	0	0	0	0	0	0	0	0	0	0	0	0
113023	0.9754634286535422	0	0	0	0	0	0	0	0	0	0	0	0	0	0	0	0	0	0	0	0	0	0	0	0	0	0	0	0	0	0	0	0
113046	0.96875	0	0	0	0	0	0	0	0	0	0	0	0	0	0	0	0	0	0	0	0	0	0	0	0	0	0	0	0	0	0	0	0
112971	0.9638141809290953	0	0	0	0	0	0	0	0	0	0	0	0	0	0	0	0	0	0	0	0	0	0	0	0	0	0	0	0	0	0	0	0
112993	0.9616214720531268	0	0	0	0	0	0	0	0	0	0	0	0	0	0	0	0	0	0	0	0	0	0	0	0	0	0	0	0	0	0	0	0
112980	0.9605135445160152	0	0	0	0	0	0	0	0	0	0	0	0	0	0	0	0	0	0	0	0	0	0	0	0	0	0	0	0	0	0	0	0
112989	0.9597957000379611	0	0	0	0	0	0	0	0	0	0	0	0	0	0	0	0	0	0	0	0	0	0	0	0	0	0	0	0	0	0	0	0
113024	0.9559492175966933	0	0	0	0	0	0	0	0	0	0	0	0	0	0	0	0	0	0	0	0	0	0	0	0	0	0	0	0	0	0	0	0
113059	0.9551584974647305	0	0	0	0	0	0	0	0	0	0	0	0	0	0	0	0	0	0	0	0	0	0	0	0	0	0	0	0	0	0	0	0
113042	0.9547141132817739	0	0	0	0	0	0	0	0	0	0	0	0	0	0	0	0	0	0	0	0	0	0	0	0	0	0	0	0	0	0	0	0
113035	0.9545364172576049	0	0	0	0	0	0	0	0	0	0	0	0	0	0	0	0	0	0	0	0	0	0	0	0	0	0	0	0	0	0	0	0
113078	0.954087268710301	0	0	0	0	0	0	0	0	0	0	0	0	0	0	0	0	0	0	0	0	0	0	0	0	0	0	0	0	0	0	0	0
113025	0.9539240506329114	0	0	0	0	0	0	0	0	0	0	0	0	0	0	0	0	0	0	0	0	0	0	0	0	0	0	0	0	0	0	0	0
112982	0.9503338092849148	0	0	0	0	0	0	0	0	0	0	0	0	0	0	0	0	0	0	0	0	0	0	0	0	0	0	0	0	0	0	0	0
113013	0.9499331632033053	0	0	0	0	0	0	0	0	0	0	0	0	0	0	0	0	0	0	0	0	0	0	0	0	0	0	0	0	0	0	0	0
113026	0.9496660773914751	0	0	0	0	0	0	0	0	0	0	0	0	0	0	0	0	0	0	0	0	0	0	0	0	0	0	0	0	0	0	0	0
112972	0.947808764940239	0	0	0	0	0	0	0	0	0	0	0	0	0	0	0	0	0	0	0	0	0	0	0	0	0	0	0	0	0	0	0	0
113016	0.9444326796831986	0	0	0	0	0	0	0	0	0	0	0	0	0	0	0	0	0	0	0	0	0	0	0	0	0	0	0	0	0	0	0	0
112962	0.9433148490449784	0	0	0	0	0	0	0	0	0	0	0	0	0	0	0	0	0	0	0	0	0	0	0	0	0	0	0	0	0	0	0	0
112979	0.9429917706397665	0	0	0	0	0	0	0	0	0	0	0	0	0	0	0	0	0	0	0	0	0	0	0	0	0	0	0	0	0	0	0	0
113177	0.941119513094799	0	0	0	0	0	0	0	0	0	0	0	0	0	0	0	0	0	0	0	0	0	0	0	0	0	0	0	0	0	0	0	0
113049	0.9400564174894217	0	0	0	0	0	0	0	0	0	0	0	0	0	0	0	0	0	0	0	0	0	0	0	0	0	0	0	0	0	0	0	0
112974	0.939751616545212	0	0	0	0	0	0	0	0	0	0	0	0	0	0	0	0	0	0	0	0	0	0	0	0	0	0	0	0	0	0	0	0
113014	0.9391432659631551	0	0	0	0	0	0	0	0	0	0	0	0	0	0	0	0	0	0	0	0	0	0	0	0	0	0	0	0	0	0	0	0
113038	0.9372140970298306	0	0	0	0	0	0	0	0	0	0	0	0	0	0	0	0	0	0	0	0	0	0	0	0	0	0	0	0	0	0	0	0
113052	0.9370047543581617	0	0	0	0	0	0	0	0	0	0	0	0	0	0	0	0	0	0	0	0	0	0	0	0	0	0	0	0	0	0	0	0
113045	0.9354079305524903	0	0	0	0	0	0	0	0	0	0	0	0	0	0	0	0	0	0	0	0	0	0	0	0	0	0	0	0	0	0	0	0
113005	0.9347382994269892	0	0	0	0	0	0	0	0	0	0	0	0	0	0	0	0	0	0	0	0	0	0	0	0	0	0	0	0	0	0	0	0
113051	0.9321462375769048	0	0	0	0	0	0	0	0	0	0	0	0	0	0	0	0	0	0	0	0	0	0	0	0	0	0	0	0	0	0	0	0
113044	0.9295807708558284	0	0	0	0	0	0	0	0	0	0	0	0	0	0	0	0	0	0	0	0	0	0	0	0	0	0	0	0	0	0	0	0
113034	0.9262473729275317	0	0	0	0	0	0	0	0	0	0	0	0	0	0	0	0	0	0	0	0	0	0	0	0	0	0	0	0	0	0	0	0
112968	0.9239345365812613	0	0	0	0	0	0	0	0	0	0	0	0	0	0	0	0	0	0	0	0	0	0	0	0	0	0	0	0	0	0	0	0
112959	0.9130395844528032	0	0	0	0	0	0	0	0	0	0	0	0	0	0	0	0	0	0	0	0	0	0	0	0	0	0	0	0	0	0	0	0
113193	0.9073137167604323	0	0	0	0	0	0	0	0	0	0	0	0	0	0	0	0	0	0	0	0	0	0	0.03407941069332578	0	0	0	0	0	0	0	0	0.0095519488404096
112961	0.892762877820349	0	0	0	0	0	0	0	0	0	0	0	0	0	0	0	0	0	0	0	0	0	0	0	0	0	0	0	0	0	0.04887186036611323	0	0
113030	0.7865649750660018	0	0	0	0	0	0	0	0	0	0	0	0	0	0	0	0	0	0	0	0	0	0	0	0	0	0	0	0	0.08864769727192726	0	0	0
113031	0.7709909577412807	0	0	0	0	0	0	0	0	0	0	0	0	0	0	0	0	0	0	0	0	0	0	0	0	0.10297102786491973	0	0	0	0	0	0	0
113099	0.6622744439781787	0	0	0	0	0	0	0	0	0	0	0	0	0	0	0	0	0	0	0	0	0	0	0	0.055476290390264374	0	0	0	0	0	0	0	0.18430549727234577
112984	0	0.801748694413673	0	0	0	0	0	0	0	0	0	0	0	0	0	0	0	0	0	0	0	0	0	0	0	0	0	0	0	0	0	0	0
113070	0	0.7872201221285258	0	0	0	0	0	0	0	0	0	0	0	0	0	0	0	0	0	0	0	0	0	0	0	0	0	0	0	0	0	0	0
113172	0	0.7787558150141385	0	0	0	0	0	0	0	0	0	0	0	0	0	0	0	0	0	0	0	0	0	0	0	0	0	0	0	0	0	0	0
113069	0	0.7782342454073328	0	0	0	0	0	0	0	0	0	0	0	0	0	0	0	0	0	0	0	0	0	0	0	0	0	0	0	0	0	0	0
113175	0	0.7735005414468858	0	0	0	0	0	0	0	0	0	0	0	0	0	0	0	0	0	0	0	0	0	0	0	0	0	0	0	0	0	0	0
113065	0	0.7712210898883262	0	0	0	0	0	0	0	0	0	0	0	0	0	0	0	0	0	0	0	0	0	0	0	0	0	0	0	0	0	0	0
113111	0	0.7681900312899387	0	0	0	0	0	0	0	0	0	0	0	0	0	0	0	0	0	0	0	0	0	0	0	0	0	0	0	0	0	0	0
113089	0	0.755734682502251	0	0	0	0	0	0	0	0	0	0	0	0	0	0	0	0	0	0	0	0	0	0	0	0	0	0	0	0	0	0	0
113041	0	0.7535097527643185	0	0	0	0	0	0	0	0	0	0	0	0	0	0	0	0	0	0	0	0	0	0	0	0	0	0	0	0	0	0	0
113194	0	0.7522842121382267	0	0	0	0	0	0	0	0	0	0	0	0	0	0	0	0	0	0	0	0	0	0	0	0	0	0	0	0	0	0.015874636312592515	0
113120	0	0.7516173892012818	0	0	0	0	0	0	0	0	0	0	0	0	0	0	0	0	0	0	0	0	0	0	0	0	0	0	0	0	0	0	0
112998	0	0.7390453158288709	0	0	0	0	0	0	0	0	0	0	0	0	0	0	0	0	0	0	0	0	0	0	0	0	0	0	0	0	0	0	0
113143	0	0.73572098256141	0	0	0	0	0	0	0	0	0	0	0	0	0	0	0	0	0	0	0	0	0	0	0	0	0	0	0	0	0	0	0
113200	0	0.7319069289489136	0	0	0	0	0	0	0	0	0	0	0	0	0	0	0	0	0	0	0	0	0	0	0	0	0	0	0	0	0	0	0
113075	0	0.731749090130593	0	0	0	0	0	0	0	0	0	0	0	0	0	0	0	0	0	0	0	0	0	0	0	0	0	0	0	0	0	0	0
113000	0	0.7278562259306803	0	0	0	0	0	0	0	0	0	0	0	0	0	0	0	0	0	0	0	0	0	0	0	0	0	0	0	0	0	0	0
113135	0	0.7277531781174118	0	0	0	0	0	0	0	0	0	0	0	0	0	0	0	0	0	0	0	0	0	0	0	0	0	0	0	0	0	0	0
113079	0	0.7242369295859777	0	0	0	0	0	0	0	0	0	0	0	0	0	0	0	0	0	0	0	0	0	0	0	0	0	0	0	0	0	0	0
113140	0	0.7231464939705226	0	0	0	0	0	0	0	0	0	0	0	0	0	0	0	0	0	0	0	0	0	0	0	0	0	0	0	0	0	0	0
113179	0	0.7219270854454762	0	0	0	0	0	0	0	0	0	0	0	0	0	0	0	0	0	0	0	0	0	0	0	0	0	0	0	0	0	0	0
113168	0	0.7186207537524978	0	0	0	0	0	0	0	0	0	0	0	0	0	0	0	0	0	0	0	0	0	0	0	0	0	0	0	0	0	0	0
113123	0	0.7011115247566878	0	0	0	0	0	0	0	0	0	0	0	0	0	0	0	0	0	0	0	0	0	0	0	0	0	0	0	0	0	0	0
113157	0	0.6966707768187423	0	0	0	0	0	0	0	0	0	0	0	0	0	0	0	0	0	0	0	0	0	0	0	0	0	0	0	0	0	0	0
113127	0	0.6946930543300138	0	0	0	0	0	0	0	0	0	0	0	0	0	0	0	0	0	0	0	0	0	0	0	0	0	0	0	0	0	0	0
113072	0	0.6939937954533896	0	0	0	0	0	0	0	0	0	0	0	0	0	0	0	0	0	0	0	0	0	0	0	0	0	0	0	0	0	0	0
113073	0	0.6783942963422195	0	0	0	0	0	0	0	0	0	0	0	0	0	0	0	0	0	0	0	0	0	0	0	0	0	0	0	0	0	0	0
112960	0	0.6768966201468352	0	0	0	0	0	0	0	0	0	0	0	0	0	0	0	0	0	0	0	0	0	0	0	0	0	0	0	0	0	0	0
112992	0	0.6750080723280595	0	0	0	0	0	0	0	0	0	0	0	0	0	0	0	0	0	0	0	0	0	0	0	0	0	0	0	0	0	0	0
112981	0	0.6736265741923708	0	0	0	0	0	0	0	0	0	0	0	0	0	0	0	0	0	0	0	0	0	0	0	0	0	0	0	0	0	0	0
113171	0	0.6735551075268817	0	0	0	0	0	0	0	0	0	0	0	0	0	0	0	0	0	0	0	0	0	0	0	0	0	0	0	0	0	0	0
113182	0	0.6626045139078638	0	0	0	0	0	0	0	0	0	0	0	0	0	0	0	0	0	0	0	0	0	0	0	0	0	0	0	0	0	0	0
113119	0	0	0.7640660778541053	0	0	0	0	0	0	0	0	0	0	0	0	0	0	0	0	0	0	0	0	0	0	0	0	0	0	0	0	0	0
113080	0	0	0.7620156014091596	0	0	0	0	0	0	0	0	0	0	0	0	0	0	0	0	0	0	0	0	0	0	0	0	0	0	0	0	0	0
113190	0	0	0.7538927335640139	0	0	0	0	0	0	0	0	0	0	0	0	0	0	0	0	0	0	0	0	0	0	0	0	0	0	0	0	0	0
113118	0	0	0.7470127102519217	0	0	0	0	0	0	0	0	0	0	0	0	0	0	0	0	0	0	0	0	0	0	0	0	0	0	0	0	0	0
113191	0	0	0.7455993067215512	0	0	0	0	0	0	0	0	0	0	0	0	0	0	0	0	0	0	0	0	0	0	0	0	0	0	0	0	0	0
113169	0	0	0.7455912561528623	0	0	0	0	0	0	0	0	0	0	0	0	0	0	0	0	0	0	0	0	0	0	0	0	0	0	0	0	0	0
113086	0	0	0.7438222734033876	0	0	0	0	0	0	0	0	0	0	0	0	0	0	0	0	0	0	0	0	0	0	0	0	0	0	0	0	0	0
113066	0	0	0.7408776723999357	0	0	0	0	0	0	0	0	0	0	0	0	0	0	0	0	0	0	0	0	0	0	0	0	0	0	0	0	0	0
113144	0	0	0.7401951690104264	0	0	0	0	0	0	0	0	0	0	0	0	0	0	0	0	0	0	0	0	0	0	0	0	0	0	0	0	0	0
113071	0	0	0.7372579246555545	0	0	0	0	0	0	0	0	0	0	0	0	0	0	0	0	0	0	0	0	0	0	0	0	0	0	0	0	0	0
112985	0	0	0.7355881307044925	0	0	0	0	0	0	0	0	0	0	0	0	0	0	0	0	0	0	0	0	0	0	0	0	0	0	0	0	0	0
113117	0	0	0.7348355525207693	0	0	0	0	0	0	0	0	0	0	0	0	0	0	0	0	0	0	0	0	0	0	0	0	0	0	0	0	0	0
113098	0	0	0.7323363857850963	0	0	0	0	0	0	0	0	0	0	0	0	0	0	0	0	0	0	0	0	0	0	0	0	0	0	0	0	0	0
113158	0	0	0.7270957112187328	0	0	0	0	0	0	0	0	0	0	0	0	0	0	0	0	0	0	0	0	0	0	0	0	0	0	0	0	0	0
113133	0	0	0.7254073627036813	0	0	0	0	0	0	0	0	0	0	0	0	0	0	0	0	0	0	0	0	0	0	0	0	0	0	0	0	0	0
113092	0	0	0.7241127694859039	0	0	0	0	0	0	0	0	0	0	0	0	0	0	0	0	0	0	0	0	0	0	0	0	0	0	0	0	0	0
113006	0	0	0.723539859993731	0	0	0	0	0	0	0	0	0	0	0	0	0	0	0	0	0	0	0	0	0	0	0	0	0	0	0	0	0	0
113021	0	0	0.7197825714774868	0	0	0	0	0	0	0	0	0	0	0	0	0	0	0	0	0	0	0	0	0	0	0	0	0	0	0	0	0	0
113198	0	0	0.7196689631994623	0	0	0	0	0	0	0	0	0	0	0	0	0	0	0	0	0	0	0	0	0	0	0	0	0	0	0	0	0	0
112958	0	0	0.7139410738117237	0	0	0	0	0	0	0	0	0	0	0	0	0	0	0	0	0	0	0	0	0	0	0	0	0	0	0	0	0	0
113162	0	0	0.7136654022759034	0	0	0	0	0	0	0	0	0	0	0	0	0	0	0	0	0	0	0	0	0	0	0	0	0	0	0	0	0	0
113181	0	0	0.7101212605538376	0	0	0	0	0	0	0	0	0	0	0	0	0	0	0	0	0	0	0	0	0	0	0	0	0	0	0	0	0	0
112954	0	0	0.7095552824736789	0	0	0	0	0	0	0	0	0	0	0	0	0	0	0	0	0	0	0	0	0	0	0	0	0	0	0	0	0	0
113126	0	0	0.7084611221360274	0	0	0	0	0	0	0	0	0	0	0	0	0	0	0	0	0	0	0	0	0	0	0	0	0	0	0	0	0	0
113083	0	0	0.7084562820313713	0	0	0	0	0	0	0	0	0	0	0	0	0	0	0	0	0	0	0	0	0	0	0	0	0	0	0	0	0	0
112953	0	0	0.699167599668987	0	0	0	0	0	0	0	0	0	0	0	0	0	0	0	0	0	0	0	0	0	0	0	0	0	0	0	0	0.0319816969283941	0
113110	0	0	0.697114628236997	0	0	0	0	0	0	0	0	0	0	0	0	0	0	0	0	0	0	0	0	0	0	0	0	0	0	0	0	0	0
113178	0	0	0.6953089349274436	0	0	0	0	0	0	0	0	0	0	0	0	0	0	0	0	0	0	0	0	0	0	0	0	0	0	0	0	0	0
112964	0	0	0.6943795051626729	0	0	0	0	0	0	0	0	0	0	0	0	0	0	0	0	0	0	0	0	0	0	0	0	0	0	0	0	0	0
113095	0	0	0.6922172824365067	0	0	0	0	0	0	0	0	0	0	0	0	0	0	0	0	0	0	0	0	0	0	0	0	0	0	0	0	0	0
113130	0	0	0.689688527761656	0	0	0	0	0	0	0	0	0	0	0	0	0	0	0	0	0	0	0	0	0	0	0	0	0	0	0	0	0	0
113145	0	0	0	0	0	0	0	0	0	0.3084840213806437	0	0	0	0	0	0	0	0	0	0	0	0	0	0	0	0	0	0	0	0	0.5800636870237689	0	0
113160	0	0	0	0	0	0	0.34640130393754825	0	0	0	0	0	0	0	0	0	0	0	0	0	0	0	0	0	0	0	0	0	0	0	0.547010380029167	0	0
113036	0	0	0	0.4007573235685752	0	0	0	0	0	0	0	0	0	0	0	0	0	0	0	0	0	0	0	0	0	0	0	0	0	0	0.5252996005326231	0	0
113074	0	0	0	0	0	0	0.36474112831765054	0	0	0	0	0	0	0	0	0	0	0	0	0	0	0	0	0	0	0	0	0	0	0	0.5004852525423014	0	0
113040	0	0	0	0	0	0	0	0	0	0	0	0.3890428165059662	0	0	0	0	0	0	0	0	0	0	0	0	0	0	0	0	0	0	0.4994273892644722	0	0
113114	0	0	0	0	0	0	0	0	0	0	0	0.4080325050789186	0	0	0	0	0	0	0	0	0	0	0	0	0	0	0	0	0	0	0.4993190900363896	0	0
112970	0	0	0	0.8952696219535597	0	0	0	0	0	0	0	0	0	0	0	0	0	0	0	0	0	0	0	0	0	0	0	0	0	0	0	0	0
112995	0	0	0	0.8914075078383188	0	0	0	0	0	0	0	0	0	0	0	0	0	0	0	0	0	0	0	0	0	0	0	0	0	0	0	0	0
113189	0	0	0	0.8888148579995003	0	0	0	0	0	0	0	0	0	0	0	0	0	0	0	0	0	0	0	0	0	0	0	0	0	0	0	0	0
113199	0	0	0	0.8846242309240412	0	0	0	0	0	0	0	0	0	0	0	0	0	0	0	0	0	0	0	0	0	0	0	0	0	0	0	0	0
113082	0	0	0	0.8822748901903368	0	0	0	0	0	0	0	0	0	0	0	0	0	0	0	0	0	0	0	0	0	0	0	0	0	0	0	0	0
113027	0	0	0	0.8816198103955541	0	0	0	0	0	0	0	0	0	0	0	0	0	0	0	0	0	0	0	0	0	0	0	0	0	0	0	0	0
113012	0	0	0	0.8798323978180093	0	0	0	0	0	0	0	0	0	0	0	0	0	0	0	0	0	0	0	0	0	0	0	0	0	0	0.010396078741402484	0	0
113018	0	0	0	0.862363330529857	0	0	0	0	0	0	0	0	0	0	0	0	0	0	0	0	0	0	0	0	0	0	0	0	0	0	0	0	0
113062	0	0	0	0.8554921473376409	0	0	0	0	0	0	0	0	0	0	0	0	0	0	0	0	0	0	0	0	0	0	0	0	0	0	0.025373767863038247	0	0
112994	0	0	0	0.8418740849194729	0	0	0	0	0	0	0	0	0	0	0	0	0	0	0	0	0	0	0	0	0	0	0	0	0	0	0	0	0
112987	0	0	0	0.825636871005491	0	0	0	0	0	0	0	0	0	0	0	0	0	0	0	0	0	0	0	0	0	0	0	0	0	0	0	0	0
113201	0	0	0	0.816101334090264	0	0	0	0	0	0	0	0	0	0	0	0	0	0	0	0	0	0	0	0	0	0	0	0	0	0	0	0	0
112956	0	0	0	0.8073589465788815	0	0	0	0	0	0	0	0	0	0	0	0	0	0	0	0	0	0	0	0	0	0	0	0	0	0	0.021335111259271605	0	0
113163	0	0	0	0.8019648607883902	0	0	0	0	0	0	0	0	0	0	0	0	0	0	0	0	0.01814031225795932	0	0	0	0	0	0	0	0	0	0	0.00884595002242061	0
112991	0	0	0	0.6928698495119957	0	0	0	0	0	0	0	0	0	0	0	0	0	0	0	0	0	0	0	0	0	0	0	0	0	0	0.14943026107024376	0	0
113129	0	0	0	0.5135231794000626	0	0	0	0	0	0	0	0	0	0	0	0	0	0	0	0	0	0	0	0	0	0	0	0	0	0	0.399079082659037	0	0
113132	0	0	0	0.49541201328101414	0	0	0	0	0	0	0	0	0	0	0	0	0	0	0	0	0	0	0	0	0	0	0	0	0	0	0.43036522789012976	0	0
113165	0	0	0	0.4867009060921124	0	0	0	0	0	0	0	0	0	0	0	0	0	0	0	0	0	0	0	0	0	0	0	0	0	0	0.3923337091319053	0	0
113138	0	0	0	0.46855796331377353	0	0	0	0	0	0	0	0	0	0	0	0	0	0	0	0	0	0	0	0	0	0	0	0	0	0	0.4210599269971816	0	0
113004	0	0	0	0.46607294317217984	0	0	0	0	0	0	0	0	0	0	0	0	0	0	0	0	0	0	0	0	0	0	0	0	0	0	0.41772688719253603	0	0
113050	0	0	0	0	0.9881432662991593	0	0	0	0	0	0	0	0	0	0	0	0	0	0	0	0	0	0	0	0	0	0	0	0	0	0	0	0
113139	0	0	0	0	0.9852689676616916	0	0	0	0	0	0	0	0	0	0	0	0	0	0	0	0	0	0	0	0	0	0	0	0	0	0	0	0
113061	0	0	0	0	0.976959988709336	0	0	0	0	0	0	0	0	0	0	0	0	0	0	0	0	0	0	0	0	0	0	0	0	0	0	0	0
113116	0	0	0	0	0.976921050898795	0	0	0	0	0	0	0	0	0	0	0	0	0	0	0	0	0	0	0	0	0	0	0	0	0	0	0	0
113054	0	0	0	0	0.9727543635589613	0	0	0	0	0	0	0	0	0	0	0	0	0	0	0	0	0	0	0	0	0	0	0	0	0	0	0	0
113096	0	0	0	0	0.9662679168013795	0	0	0	0	0	0	0	0	0	0	0	0	0	0	0	0	0	0	0	0	0	0	0	0	0	0	0	0
113124	0	0	0	0	0.9649015850897056	0	0	0	0	0	0	0	0	0	0	0	0	0	0	0	0	0	0	0	0	0	0	0	0	0	0	0	0
113091	0	0	0	0	0.9648973124504845	0	0	0	0	0	0	0	0	0	0	0	0	0	0	0	0	0	0	0	0	0	0	0	0	0	0	0	0
112977	0	0	0	0	0.9611603152677338	0	0	0	0	0	0	0	0	0	0	0	0	0	0	0	0	0	0	0	0	0	0	0	0	0	0	0	0
113093	0	0	0	0	0.9591089411046688	0	0	0	0	0	0	0	0	0	0	0	0	0	0	0	0	0	0	0	0	0	0	0	0	0	0	0	0
113109	0	0	0	0	0.9585041676053165	0	0	0	0	0	0	0	0	0	0	0	0	0	0	0	0	0	0	0	0	0	0	0	0	0	0	0	0
113020	0	0	0	0	0.9556227211667626	0	0	0	0	0	0	0	0	0	0	0	0	0	0	0	0	0	0	0	0	0	0	0	0	0	0	0	0
113164	0	0	0	0	0.9520109505213576	0	0	0	0	0	0	0	0	0	0	0	0	0	0	0	0	0	0	0	0	0	0	0	0	0	0	0	0
113174	0	0	0	0	0.9408236383398414	0	0	0	0	0	0	0	0	0	0	0	0	0	0	0	0	0	0	0	0	0	0	0	0	0	0	0	0
112988	0	0	0	0	0.9183786785119378	0	0	0	0	0	0	0	0	0	0	0	0	0	0	0	0	0	0	0	0	0	0	0	0	0	0	0	0
113032	0	0	0	0	0.9099289779408306	0	0	0	0	0	0	0	0	0	0	0	0	0	0	0	0	0	0	0	0	0	0	0	0	0	0	0	0
113039	0	0	0	0	0.901097891497083	0	0	0	0	0	0	0	0	0	0	0	0	0	0	0	0	0	0	0	0	0	0	0	0	0	0	0	0
113134	0	0	0	0	0.8681097796675686	0	0	0	0	0	0	0	0	0	0	0	0	0	0	0	0	0	0	0	0	0	0	0	0	0	0	0	0
113090	0	0	0	0	0.866816333960318	0	0	0	0	0	0	0	0	0	0	0	0	0	0	0	0	0	0	0	0	0	0	0	0	0	0	0	0
113053	0	0	0	0	0.8588591781404498	0	0	0	0	0	0	0	0	0	0	0	0	0	0	0	0	0	0	0	0	0	0	0	0	0	0	0	0
112997	0	0	0	0	0	0.9935168970527963	0	0	0	0	0	0	0	0	0	0	0	0	0	0	0	0	0	0	0	0	0	0	0	0	0	0	0
113057	0	0	0	0	0	0.9931949513381996	0	0	0	0	0	0	0	0	0	0	0	0	0	0	0	0	0	0	0	0	0	0	0	0	0	0	0
113102	0	0	0	0	0	0.988674052642721	0	0	0	0	0	0	0	0	0	0	0	0	0	0	0	0	0	0	0	0	0	0	0	0	0	0	0
113056	0	0	0	0	0	0.9870875179340028	0	0	0	0	0	0	0	0	0	0	0	0	0	0	0	0	0	0	0	0	0	0	0	0	0	0	0
113197	0	0	0	0	0	0.9850197208737864	0	0	0	0	0	0	0	0	0	0	0	0	0	0	0	0	0	0	0	0	0	0	0	0	0	0	0
113087	0	0	0	0	0	0.9831064947468959	0	0	0	0	0	0	0	0	0	0	0	0	0	0	0	0	0	0	0	0	0	0	0	0	0	0	0
112973	0	0	0	0	0	0.982995696441692	0	0	0	0	0	0	0	0	0	0	0	0	0	0	0	0	0	0	0	0	0	0	0	0	0	0	0
113043	0	0	0	0	0	0.9818301115429263	0	0	0	0	0	0	0	0	0	0	0	0	0	0	0	0	0	0	0	0	0	0	0	0	0	0	0
113153	0	0	0	0	0	0.9743142765662244	0	0	0	0	0	0	0	0	0	0	0	0	0	0	0	0	0	0	0	0	0	0	0	0	0	0	0
113152	0	0	0	0	0	0.9721688376396898	0	0	0	0	0	0	0	0	0	0	0	0	0	0	0	0	0	0	0	0	0	0	0	0	0	0	0
113055	0	0	0	0	0	0.9706732212548783	0	0	0	0	0	0	0	0	0	0	0	0	0	0	0	0	0	0	0	0	0	0	0	0	0	0	0
113002	0	0	0	0	0	0.9686449349510305	0	0	0	0	0	0	0	0	0	0	0	0	0	0	0	0	0	0	0	0	0	0	0	0	0	0	0
113088	0	0	0	0	0	0.9655598504530765	0	0	0	0	0	0	0	0	0	0	0	0	0	0	0	0	0	0	0	0	0	0	0	0	0	0	0
113094	0	0	0	0	0	0.9603681209717403	0	0	0	0	0	0	0	0	0	0	0	0	0	0	0	0	0	0	0	0	0	0	0	0	0	0	0
112966	0	0	0	0	0	0	0.8242662848962061	0	0	0	0	0	0	0	0	0	0	0	0	0	0	0	0	0	0	0	0	0	0	0	0	0	0
113141	0	0	0	0	0	0	0.8124035899593325	0	0	0	0	0	0	0	0	0	0	0	0	0	0	0	0	0	0	0	0	0	0	0	0	0	0
113192	0	0	0	0	0	0	0.8004773427917924	0	0	0	0	0	0	0	0	0	0	0	0	0	0	0	0	0	0	0	0	0	0	0	0	0	0
113142	0	0	0	0	0	0	0.7975460122699386	0	0	0	0	0	0	0	0	0	0	0	0	0	0	0	0	0	0	0	0	0	0	0	0	0	0
113187	0	0	0	0	0	0	0.7852794043510296	0	0	0	0	0	0	0	0	0	0	0	0	0	0	0	0	0	0	0	0	0	0	0	0	0	0
113131	0	0	0	0	0	0	0.496370525123048	0	0	0	0	0	0	0	0	0	0	0	0	0	0	0	0	0	0	0	0	0	0	0	0.3262278247937396	0	0
113166	0	0	0	0	0	0	0.4093981217985202	0	0	0	0	0	0	0	0	0	0	0	0	0	0	0	0	0	0	0	0	0	0	0	0.4308480364257256	0	0
113176	0	0	0	0	0	0	0.40262321144674085	0	0	0	0	0	0	0	0	0	0	0	0	0	0	0	0	0	0	0	0	0	0	0	0.4156399046104928	0	0
113017	0	0	0	0	0	0	0	0.9776212184003316	0	0	0	0	0	0	0	0	0	0	0	0	0	0	0	0	0	0	0	0	0	0	0	0	0
112975	0	0	0	0	0	0	0	0.9758489587833751	0	0	0	0	0	0	0	0	0	0	0	0	0	0	0	0	0	0	0	0	0	0	0	0	0
112955	0	0	0	0	0	0	0	0.9745954253684116	0	0	0	0	0	0	0	0	0	0	0	0	0	0	0	0	0	0	0	0	0	0	0	0	0
113029	0	0	0	0	0	0	0	0.9714428500035696	0	0	0	0	0	0	0	0	0	0	0	0	0	0	0	0	0	0	0	0	0	0	0	0	0
112999	0	0	0	0	0	0	0	0.9706030875775501	0	0	0	0	0	0	0	0	0	0	0	0	0	0	0	0	0	0	0	0	0	0	0	0	0
113003	0	0	0	0	0	0	0	0.968432289548597	0	0	0	0	0	0	0	0	0	0	0	0	0	0	0	0	0	0	0	0	0	0	0	0	0
113019	0	0	0	0	0	0	0	0.9671549045716822	0	0	0	0	0	0	0	0	0	0	0	0	0	0	0	0	0	0	0	0	0	0	0	0	0
112996	0	0	0	0	0	0	0	0.9666101018167299	0	0	0	0	0	0	0	0	0	0	0	0	0	0	0	0	0	0	0	0	0	0	0	0	0
113067	0	0	0	0	0	0	0	0.8256431621706072	0	0	0	0	0	0	0	0	0	0	0	0.12831996667013854	0	0	0	0	0	0	0	0	0	0	0	0	0
113149	0	0	0	0	0	0	0	0	0.5491489361702128	0	0	0	0	0	0	0	0	0	0	0	0	0	0	0	0	0	0	0	0	0	0	0	0
113058	0	0	0	0	0	0	0	0	0.5350234341712825	0	0	0	0	0	0	0	0	0	0	0	0	0	0	0	0	0	0	0	0	0	0	0	0
113173	0	0	0	0	0	0	0	0	0.5291174478970732	0	0	0	0	0	0	0	0	0	0	0	0	0	0	0	0	0	0	0	0	0	0	0	0
113097	0	0	0	0	0	0	0	0	0.3981016192071468	0	0	0	0	0	0	0	0	0	0	0	0	0	0	0	0	0	0	0	0	0	0	0	0
113185	0	0	0	0	0	0	0	0	0.36586678627494956	0	0	0	0	0	0	0	0	0	0	0	0	0	0	0	0	0	0	0	0	0	0	0	0
113150	0	0	0	0	0	0	0	0	0.36579108592433757	0	0	0	0	0	0	0	0	0	0	0	0	0	0	0	0	0	0	0	0	0	0	0	0
113136	0	0	0	0	0	0	0	0	0.3575604308985812	0	0	0	0	0	0	0	0	0	0	0	0	0	0	0	0	0	0	0	0	0	0	0	0
112965	0	0	0	0	0	0	0	0	0.3432354438974707	0	0	0	0	0	0	0	0	0	0	0	0	0	0	0	0	0	0	0	0	0	0	0	0
112976	0	0	0	0	0	0	0	0	0.34006255331248225	0	0	0	0	0	0	0	0	0	0	0	0	0	0	0	0	0	0	0	0	0	0	0	0
112967	0	0	0	0	0	0	0	0	0	0.8870770627466043	0	0	0	0	0	0	0	0	0	0	0	0	0	0	0	0	0	0	0	0	0	0	0
113147	0	0	0	0	0	0	0	0	0	0.8836631542876724	0	0	0	0	0	0	0	0	0	0	0	0	0	0	0	0	0	0	0	0	0	0	0
113068	0	0	0	0	0	0	0	0	0	0.8770053475935828	0	0	0	0	0	0	0	0	0	0	0	0	0	0	0	0	0	0	0	0	0	0	0
113084	0	0	0	0	0	0	0	0	0	0.8673217261391715	0	0	0	0	0	0	0	0	0	0	0	0	0	0	0	0	0	0	0	0	0	0	0
113183	0	0	0	0	0	0	0	0	0	0.8635866474165463	0	0	0	0	0	0	0	0	0	0	0	0	0	0	0	0	0	0	0	0	0	0	0
112978	0	0	0	0	0	0	0	0	0	0	0.9170064448244114	0	0	0	0	0	0	0	0	0	0	0	0	0	0	0	0	0	0	0	0	0	0
113047	0	0	0	0	0	0	0	0	0	0	0.9157228667064056	0	0	0	0	0	0	0	0	0	0	0	0	0	0	0	0	0	0	0	0	0	0
113009	0	0	0	0	0	0	0	0	0	0	0.9146931184128952	0	0	0	0	0	0	0	0	0	0	0	0	0	0	0	0	0	0	0	0	0	0
113063	0	0	0	0	0	0	0	0	0	0	0.9143227909222598	0	0	0	0	0	0	0	0	0	0	0	0	0	0	0	0	0	0	0	0	0	0
113001	0	0	0	0	0	0	0	0	0	0	0.9126094427624581	0	0	0	0	0	0	0	0	0	0	0	0	0	0	0	0	0	0	0	0	0	0
113146	0	0	0	0	0	0	0	0	0	0	0.9115386304739316	0	0	0	0	0	0	0	0	0	0	0	0	0	0	0	0	0	0	0	0	0	0
113161	0	0	0	0	0	0	0	0	0	0	0.8900738881918304	0	0	0	0	0	0	0	0	0	0	0	0	0	0	0	0	0	0	0	0	0	0
112957	0	0	0	0	0	0	0	0	0	0	0	0.5354661791590494	0	0	0	0	0	0	0	0	0	0	0	0	0	0	0	0	0	0	0.341636197440585	0	0
113167	0	0	0	0	0	0	0	0	0	0	0	0.5297697368421053	0	0	0	0	0	0	0	0	0	0	0	0	0	0	0	0	0	0	0.3416529605263158	0	0
113115	0	0	0	0	0	0	0	0	0	0	0	0.5229687419801878	0	0	0	0	0	0	0	0	0	0	0	0	0	0	0	0	0	0	0.35138325719858343	0	0
113128	0	0	0	0	0	0	0	0	0	0	0	0.2147783632982021	0	0	0	0	0	0	0	0	0	0	0	0	0	0	0	0	0	0	0	0.7079200247985121	0
113122	0	0	0	0	0	0	0	0	0	0	0	0.2150721174362038	0	0	0	0	0	0	0	0	0	0	0	0	0	0	0	0	0	0	0	0.7051292993086968	0
113202	0	0	0	0	0	0	0	0	0	0.25051869509557234	0	0	0	0	0	0	0	0	0	0	0	0	0	0	0	0	0	0	0	0	0	0.64154858076193	0
113121	0	0	0	0	0	0	0	0	0	0.28356392807246833	0	0	0	0	0	0	0	0	0	0	0	0	0	0	0	0	0	0	0	0	0	0.600027040425436	0
113064	0	0	0	0	0	0	0	0	0	0	0	0	0.8300898203592815	0	0	0	0	0	0	0	0	0	0	0	0	0	0	0	0	0	0	0	0
113076	0	0	0	0	0	0	0	0	0	0	0	0	0.8237707159656512	0	0	0	0	0	0	0	0	0	0	0	0	0	0	0	0	0	0	0	0
113170	0	0	0	0	0	0	0	0	0	0	0	0	0.8211705029430062	0	0	0	0	0	0	0	0	0	0	0	0	0	0	0	0	0	0	0	0
113155	0	0	0	0	0	0	0	0	0	0	0	0	0.8182016518622409	0	0	0	0	0	0	0	0	0	0	0	0	0	0	0	0	0	0	0	0
113077	0	0	0	0	0	0	0	0	0	0	0	0	0.8158368522701234	0	0	0	0	0	0	0	0	0	0	0	0	0	0	0	0	0	0	0	0
113060	0	0	0	0	0	0	0	0	0	0	0	0	0.8073639068114207	0	0	0	0	0	0	0	0	0	0	0	0	0	0	0	0	0	0	0	0
113103	0	0	0	0	0	0	0	0	0	0	0	0	0.7893591293833133	0	0	0	0	0	0	0	0	0	0	0	0	0	0	0	0	0	0	0	0
113037	0	0	0	0	0	0	0	0	0	0	0	0	0	1.0	0	0	0	0	0	0	0	0	0	0	0	0	0	0	0	0	0	0	0
113028	0	0	0	0	0	0	0	0	0	0	0	0	0	1.0	0	0	0	0	0	0	0	0	0	0	0	0	0	0	0	0	0	0	0
113015	0	0	0	0	0	0	0	0	0	0	0	0	0	1.0	0	0	0	0	0	0	0	0	0	0	0	0	0	0	0	0	0	0	0
112990	0	0	0	0	0	0	0	0	0	0	0	0	0	1.0	0	0	0	0	0	0	0	0	0	0	0	0	0	0	0	0	0	0	0
113113	0	0	0	0	0	0	0	0	0	0	0	0	0	0.9948874445149017	0	0	0	0	0	0	0	0	0	0	0	0	0	0	0	0	0	0	0
113104	0	0	0	0	0	0	0	0	0	0	0	0	0	0.7126450251962967	0	0	0	0	0	0	0	0	0	0	0	0	0	0	0	0	0	0	0
112983	0	0	0	0	0	0	0	0	0	0	0	0	0	0	0.6734916964473407	0	0	0	0	0	0	0	0	0	0	0	0	0	0	0	0.1566113096489384	0	0
113008	0	0	0	0	0	0	0	0	0	0	0	0	0	0	0.5939664063651098	0	0	0	0	0	0	0	0	0	0	0	0	0	0	0	0.2523574480624724	0	0
113188	0	0	0	0	0	0	0	0	0	0	0	0	0	0	0.5932822362488729	0	0	0	0	0	0	0	0	0	0	0	0	0	0	0	0.23868349864743013	0	0
113180	0	0	0	0	0	0	0	0	0	0	0	0	0	0	0.5711255795600276	0	0	0	0	0	0	0	0	0	0	0	0	0	0	0	0.28410772417875113	0	0
113203	0	0	0	0	0	0	0	0	0	0	0	0	0	0	0.549172416258535	0	0	0	0	0	0.02477388910735352	0	0	0	0	0	0	0	0	0	0.3056518785972187	0	0
113156	0	0	0	0	0	0	0	0	0	0	0	0	0	0	0	0.8037648730243296	0	0	0	0	0	0	0	0	0	0	0	0	0	0	0	0	0
113107	0	0	0	0	0	0	0	0	0	0	0	0	0	0	0	0.8011966964436205	0	0	0	0	0	0	0	0	0	0	0	0	0	0	0	0	0
112963	0	0	0	0	0	0	0	0	0	0	0	0	0	0	0	0.7836813742000673	0	0	0	0	0	0	0	0	0	0	0	0	0	0	0	0	0
112986	0	0	0	0	0	0	0	0	0	0	0	0	0	0	0	0.783244245663794	0	0	0	0	0	0	0	0	0	0	0	0	0	0	0	0	0
113184	0	0	0	0	0	0	0	0	0	0	0	0	0	0	0	0	0.8699070764832023	0	0	0	0	0	0	0	0	0	0	0	0	0	0	0	0
113108	0	0	0	0	0	0	0	0	0	0	0	0	0	0	0	0	0.8613697114941469	0	0	0	0	0	0	0	0	0	0	0	0	0	0	0	0
113048	0	0	0	0	0	0	0	0	0	0	0	0	0	0	0	0	0.8542797032443805	0	0	0	0	0	0	0	0	0	0	0	0	0	0	0	0
113186	0	0	0	0	0	0	0	0	0	0	0	0	0	0	0	0	0.852885792298277	0	0	0	0	0	0	0	0	0	0	0	0	0	0	0	0
113022	0	0	0	0	0	0	0	0	0	0	0	0	0	0	0	0	0	0.9130434782608695	0	0	0	0	0	0	0	0	0	0	0	0	0	0	0
113112	0	0	0	0	0	0	0	0	0	0	0	0	0	0	0	0	0	0.910046511627907	0	0	0	0	0	0	0	0	0	0	0	0	0	0	0
113033	0	0	0	0	0	0	0	0	0	0	0	0	0	0	0	0	0	0.9008196345986538	0	0	0	0	0	0	0	0	0	0	0	0	0	0	0
113159	0	0	0	0	0	0	0	0	0	0	0	0	0	0	0	0	0	0	0.9303684780925839	0	0	0	0	0	0	0	0	0	0	0	0	0	0
113137	0	0	0	0	0	0	0	0	0	0	0	0	0	0	0	0	0	0	0.9155687124749833	0	0	0	0	0	0	0	0	0	0	0	0	0	0
113151	0	0	0	0	0	0	0	0	0	0	0	0	0	0	0	0	0	0	0.4379904755516802	0	0	0	0	0	0	0	0	0	0	0	0	0	0
113125	0	0	0	0	0	0	0	0	0	0	0	0	0	0	0	0	0	0	0	0.6093366093366094	0	0	0	0	0	0	0	0	0	0	0	0	0
113081	0	0	0	0	0	0	0	0	0	0	0	0	0	0	0	0	0	0	0	0	0	0.6270262411863051	0	0	0	0	0	0	0	0	0	0	0
113010	0	0	0	0	0	0	0	0	0	0	0	0	0	0	0	0	0	0	0	0	0	0.4861717612809316	0	0	0	0	0	0	0	0	0	0	0
113100	0	0	0	0	0	0	0	0	0	0	0	0	0	0	0	0	0	0	0	0	0	0	0.5403293329612057	0	0	0	0	0	0	0	0	0	0
113101	0	0	0	0	0	0	0	0	0	0	0	0	0	0	0	0	0	0	0	0	0	0	0	0	0	0	0.6568627450980392	0	0	0	0	0	0
113148	0	0	0	0	0	0	0	0	0	0	0	0	0	0	0	0	0	0	0	0	0	0	0	0	0	0	0	0.8330781010719756	0	0	0	0	0
112969	0	0	0	0	0	0	0	0	0	0	0	0	0	0	0	0	0	0	0	0	0	0	0	0	0	0	0	0	0.6008915694244132	0	0	0	0
113196	0	0	0	0	0	0	0	0	0	0	0	0	0	0	0	0	0	0	0	0	0	0	0	0	0	0	0	0	0	0	0	0	0
113195	0	0	0	0	0	0	0	0	0	0	0	0	0	0	0	0	0	0	0	0	0	0	0	0	0	0	0	0	0	0	0	0	0
113154	0	0	0	0	0	0	0	0	0	0	0	0	0	0	0	0	0	0	0	0	0	0	0	0	0	0	0	0	0	0	0	0	0
113105	0	0	0	0	0	0	0	0	0	0	0	0	0	0	0	0	0	0	0	0	0	0	0	0	0	0	0	0	0	0	0	0	0
113085	0	0	0	0	0	0	0	0	0	0	0	0	0	0	0	0	0	0	0	0	0	0	0	0	0	0	0	0	0	0	0	0	0
113011	0	0	0	0	0	0	0	0	0	0	0	0	0	0	0	0	0	0	0	0	0	0	0	0	0	0	0	0	0	0	0	0	0
113007	0	0	0	0	0	0	0	0	0	0	0	0	0	0	0	0	0	0	0	0	0	0	0	0	0	0	0	0	0	0	0	0	0
