ITS2 type profile UID		87073	87706	87731	87130	87746	87143	87823	87232	87277	87732	87721	87733	87409	87747	87408	87697	87410	87720	87285	87320	87257	87776	87425	87435	87436	87327	87384	87388	87786	87149	87936	87617	87549
Clade		C	C	C	C	C	C	C	C	C	C	C	C	C	C	C	C	C	C	C	C	C	C	C	C	C	C	C	C	C	C	D	D	D
Majority ITS2 sequence		C27	C15	C15	C31	C1d	C1d	C31	C1	C42.2	C31	C1	C17d/C31	C31	C1d	C31	C1	C1d	C1	C1d/C42.2	C15	C1/C3	C1/C15	C31	C31	C1d	C15h	C31	C31	C42.2	C15h	D1/D4	D1/D4	D1
Associated species		None	None	None	None	S. goreaui	S. goreaui	None	S. goreaui	S. goreaui	None	S. goreaui	None	None	None	None	S. goreaui	None	S. goreaui	S. goreaui	None	S. goreaui	S. goreaui	None	None	None	None	None	None	S. goreaui	None	S. glynnii,S. trenchii	S. glynnii,S. trenchii	S. glynnii,S. trenchii
ITS2 profile abundance local		38	31	31	21	20	14	10	9	9	8	7	7	7	6	5	4	4	3	3	2	2	2	1	1	1	1	1	1	1	1	27	7	2
ITS2 profile abundance DB		104	56	151	97	88	63	25	21	91	168	132	52	15	10	5	62	4	85	383	31	155	28	7	27	14	36	14	28	78	42	34	135	76
ITS2 type profile		C27-C3-C21-C27a	C15-C15ci-C15n-C15cj-C15cc-C15cl-C15l	C15-C15ci-C15cj-C15cm-C15ch-C15n-C15ck	C31-C17d-C31.1-C31a-C21-C17e-C21ac	C1d/C42.2/C1-C1k-C1b	C1d/C42.2/C1	C31/C17d-C21-C31.9-C31h-C31i-C21ac	C1/C1b-C1u-C3-C1bo	C42.2/C1-C1b-C3-C1au	C31/C17d-C21-C21ac-C31a-C17e-C31.9-C17f	C1/C3-C1c-C1b-C72k-C42.2	C17d/C31-C21-C21ac-C17e-C17f-C31.9	C31-C17d-C21-C31a-C21ac-C31g	C1d-C1df-C42.2-C1	C31-C17d-C21-C21ac-C31.1-C31a	C1/C3-C1c-C1b-C1w-C42.2	C1d-C42.2-C1ag-C1k-C42ax-C42ay-C1	C1/C1c-C1b-C1al-C72k	C1/C1d/C42.2/C3-C1b-C3cg-C45c-C115k-C1au-C41p	C15-C15n	C1/C3	C15/C1/C3/C1b	C31/C17d-C31.1	C31/C17d	C1d/C31	C15h/C15	C15/C31/C17d-C21-C15cl	C31/C17d-C21-C21ac-C31.9	C1/C42.2/C3cg/C1j-C1b-C3-C1au-C45c-C115k	C15h	D4/D1-D6-D1ab-D17d-D17j-D3h	D4/D1/D6-D1ab-D3h	D1/D4/D6/D1ab
113106	S761b	0.9780912364945978	0	0	0	0	0	0	0	0	0	0	0	0	0	0	0	0	0	0	0	0	0	0	0	0	0	0	0	0	0	0	0	0
113023	S1556	0.9754634286535422	0	0	0	0	0	0	0	0	0	0	0	0	0	0	0	0	0	0	0	0	0	0	0	0	0	0	0	0	0	0	0	0
113046	S2663	0.96875	0	0	0	0	0	0	0	0	0	0	0	0	0	0	0	0	0	0	0	0	0	0	0	0	0	0	0	0	0	0	0	0
112971	S420	0.9638141809290953	0	0	0	0	0	0	0	0	0	0	0	0	0	0	0	0	0	0	0	0	0	0	0	0	0	0	0	0	0	0	0	0
112993	S832	0.9616214720531268	0	0	0	0	0	0	0	0	0	0	0	0	0	0	0	0	0	0	0	0	0	0	0	0	0	0	0	0	0	0	0	0
112980	S554	0.9605135445160152	0	0	0	0	0	0	0	0	0	0	0	0	0	0	0	0	0	0	0	0	0	0	0	0	0	0	0	0	0	0	0	0
112989	S761	0.9597957000379611	0	0	0	0	0	0	0	0	0	0	0	0	0	0	0	0	0	0	0	0	0	0	0	0	0	0	0	0	0	0	0	0
113024	S1573	0.9559492175966933	0	0	0	0	0	0	0	0	0	0	0	0	0	0	0	0	0	0	0	0	0	0	0	0	0	0	0	0	0	0	0	0
113059	S3137	0.9551584974647305	0	0	0	0	0	0	0	0	0	0	0	0	0	0	0	0	0	0	0	0	0	0	0	0	0	0	0	0	0	0	0	0
113042	S2328	0.9547141132817739	0	0	0	0	0	0	0	0	0	0	0	0	0	0	0	0	0	0	0	0	0	0	0	0	0	0	0	0	0	0	0	0
113035	S2001	0.9545364172576049	0	0	0	0	0	0	0	0	0	0	0	0	0	0	0	0	0	0	0	0	0	0	0	0	0	0	0	0	0	0	0	0
113078	S3474	0.954087268710301	0	0	0	0	0	0	0	0	0	0	0	0	0	0	0	0	0	0	0	0	0	0	0	0	0	0	0	0	0	0	0	0
113025	S1688	0.9539240506329114	0	0	0	0	0	0	0	0	0	0	0	0	0	0	0	0	0	0	0	0	0	0	0	0	0	0	0	0	0	0	0	0
112982	S616	0.9503338092849148	0	0	0	0	0	0	0	0	0	0	0	0	0	0	0	0	0	0	0	0	0	0	0	0	0	0	0	0	0	0	0	0
113013	S1240	0.9499331632033053	0	0	0	0	0	0	0	0	0	0	0	0	0	0	0	0	0	0	0	0	0	0	0	0	0	0	0	0	0	0	0	0
113026	S1736	0.9496660773914751	0	0	0	0	0	0	0	0	0	0	0	0	0	0	0	0	0	0	0	0	0	0	0	0	0	0	0	0	0	0	0	0
112972	S422	0.947808764940239	0	0	0	0	0	0	0	0	0	0	0	0	0	0	0	0	0	0	0	0	0	0	0	0	0	0	0	0	0	0	0	0
113016	S1413	0.9444326796831986	0	0	0	0	0	0	0	0	0	0	0	0	0	0	0	0	0	0	0	0	0	0	0	0	0	0	0	0	0	0	0	0
112962	S249	0.9433148490449784	0	0	0	0	0	0	0	0	0	0	0	0	0	0	0	0	0	0	0	0	0	0	0	0	0	0	0	0	0	0	0	0
112979	S490	0.9429917706397665	0	0	0	0	0	0	0	0	0	0	0	0	0	0	0	0	0	0	0	0	0	0	0	0	0	0	0	0	0	0	0	0
113177	SN64	0.941119513094799	0	0	0	0	0	0	0	0	0	0	0	0	0	0	0	0	0	0	0	0	0	0	0	0	0	0	0	0	0	0	0	0
113049	S2849	0.9400564174894217	0	0	0	0	0	0	0	0	0	0	0	0	0	0	0	0	0	0	0	0	0	0	0	0	0	0	0	0	0	0	0	0
112974	S436	0.939751616545212	0	0	0	0	0	0	0	0	0	0	0	0	0	0	0	0	0	0	0	0	0	0	0	0	0	0	0	0	0	0	0	0
113014	S1254	0.9391432659631551	0	0	0	0	0	0	0	0	0	0	0	0	0	0	0	0	0	0	0	0	0	0	0	0	0	0	0	0	0	0	0	0
113038	S2214	0.9372140970298306	0	0	0	0	0	0	0	0	0	0	0	0	0	0	0	0	0	0	0	0	0	0	0	0	0	0	0	0	0	0	0	0
113052	S2948	0.9370047543581617	0	0	0	0	0	0	0	0	0	0	0	0	0	0	0	0	0	0	0	0	0	0	0	0	0	0	0	0	0	0	0	0
113045	S2629	0.9354079305524903	0	0	0	0	0	0	0	0	0	0	0	0	0	0	0	0	0	0	0	0	0	0	0	0	0	0	0	0	0	0	0	0
113005	S1108	0.9347382994269892	0	0	0	0	0	0	0	0	0	0	0	0	0	0	0	0	0	0	0	0	0	0	0	0	0	0	0	0	0	0	0	0
113051	S2911	0.9321462375769048	0	0	0	0	0	0	0	0	0	0	0	0	0	0	0	0	0	0	0	0	0	0	0	0	0	0	0	0	0	0	0	0
113044	S2424	0.9295807708558284	0	0	0	0	0	0	0	0	0	0	0	0	0	0	0	0	0	0	0	0	0	0	0	0	0	0	0	0	0	0	0	0
113034	S1982	0.9262473729275317	0	0	0	0	0	0	0	0	0	0	0	0	0	0	0	0	0	0	0	0	0	0	0	0	0	0	0	0	0	0	0	0
112968	S391	0.9239345365812613	0	0	0	0	0	0	0	0	0	0	0	0	0	0	0	0	0	0	0	0	0	0	0	0	0	0	0	0	0	0	0	0
112959	S208	0.9130395844528032	0	0	0	0	0	0	0	0	0	0	0	0	0	0	0	0	0	0	0	0	0	0	0	0	0	0	0	0	0	0	0	0
113193	S2136	0.9073137167604323	0	0	0	0	0	0	0	0	0	0	0	0	0	0	0	0	0	0	0	0	0	0	0.03407941069332578	0	0	0	0	0	0	0	0	0.0095519488404096
112961	S231	0.892762877820349	0	0	0	0	0	0	0	0	0	0	0	0	0	0	0	0	0	0	0	0	0	0	0	0	0	0	0	0	0	0.04887186036611323	0	0
113030	S1857	0.7865649750660018	0	0	0	0	0	0	0	0	0	0	0	0	0	0	0	0	0	0	0	0	0	0	0	0	0	0	0	0	0.08864769727192726	0	0	0
113031	S1857b	0.7709909577412807	0	0	0	0	0	0	0	0	0	0	0	0	0	0	0	0	0	0	0	0	0	0	0	0	0.10297102786491973	0	0	0	0	0	0	0
113099	S1166b	0.6622744439781787	0	0	0	0	0	0	0	0	0	0	0	0	0	0	0	0	0	0	0	0	0	0	0	0.055476290390264374	0	0	0	0	0	0	0	0.18430549727234577
112984	S634	0	0.801748694413673	0	0	0	0	0	0	0	0	0	0	0	0	0	0	0	0	0	0	0	0	0	0	0	0	0	0	0	0	0	0	0
113070	S3444	0	0.7872201221285258	0	0	0	0	0	0	0	0	0	0	0	0	0	0	0	0	0	0	0	0	0	0	0	0	0	0	0	0	0	0	0
113172	SN55	0	0.7787558150141385	0	0	0	0	0	0	0	0	0	0	0	0	0	0	0	0	0	0	0	0	0	0	0	0	0	0	0	0	0	0	0
113069	S3442	0	0.7782342454073328	0	0	0	0	0	0	0	0	0	0	0	0	0	0	0	0	0	0	0	0	0	0	0	0	0	0	0	0	0	0	0
113175	SN60	0	0.7735005414468858	0	0	0	0	0	0	0	0	0	0	0	0	0	0	0	0	0	0	0	0	0	0	0	0	0	0	0	0	0	0	0
113065	S3337	0	0.7712210898883262	0	0	0	0	0	0	0	0	0	0	0	0	0	0	0	0	0	0	0	0	0	0	0	0	0	0	0	0	0	0	0
113111	SN107	0	0.7681900312899387	0	0	0	0	0	0	0	0	0	0	0	0	0	0	0	0	0	0	0	0	0	0	0	0	0	0	0	0	0	0	0
113089	S3488	0	0.755734682502251	0	0	0	0	0	0	0	0	0	0	0	0	0	0	0	0	0	0	0	0	0	0	0	0	0	0	0	0	0	0	0
113041	S2286	0	0.7535097527643185	0	0	0	0	0	0	0	0	0	0	0	0	0	0	0	0	0	0	0	0	0	0	0	0	0	0	0	0	0	0	0
113194	S2893	0	0.7522842121382267	0	0	0	0	0	0	0	0	0	0	0	0	0	0	0	0	0	0	0	0	0	0	0	0	0	0	0	0	0	0.015874636312592515	0
113120	SN124	0	0.7516173892012818	0	0	0	0	0	0	0	0	0	0	0	0	0	0	0	0	0	0	0	0	0	0	0	0	0	0	0	0	0	0	0
112998	S946	0	0.7390453158288709	0	0	0	0	0	0	0	0	0	0	0	0	0	0	0	0	0	0	0	0	0	0	0	0	0	0	0	0	0	0	0
113143	SN189	0	0.73572098256141	0	0	0	0	0	0	0	0	0	0	0	0	0	0	0	0	0	0	0	0	0	0	0	0	0	0	0	0	0	0	0
113200	SN211	0	0.7319069289489136	0	0	0	0	0	0	0	0	0	0	0	0	0	0	0	0	0	0	0	0	0	0	0	0	0	0	0	0	0	0	0
113075	S3471	0	0.731749090130593	0	0	0	0	0	0	0	0	0	0	0	0	0	0	0	0	0	0	0	0	0	0	0	0	0	0	0	0	0	0	0
113000	S972	0	0.7278562259306803	0	0	0	0	0	0	0	0	0	0	0	0	0	0	0	0	0	0	0	0	0	0	0	0	0	0	0	0	0	0	0
113135	SN161	0	0.7277531781174118	0	0	0	0	0	0	0	0	0	0	0	0	0	0	0	0	0	0	0	0	0	0	0	0	0	0	0	0	0	0	0
113079	S3475	0	0.7242369295859777	0	0	0	0	0	0	0	0	0	0	0	0	0	0	0	0	0	0	0	0	0	0	0	0	0	0	0	0	0	0	0
113140	SN181	0	0.7231464939705226	0	0	0	0	0	0	0	0	0	0	0	0	0	0	0	0	0	0	0	0	0	0	0	0	0	0	0	0	0	0	0
113179	SN70	0	0.7219270854454762	0	0	0	0	0	0	0	0	0	0	0	0	0	0	0	0	0	0	0	0	0	0	0	0	0	0	0	0	0	0	0
113168	SN47	0	0.7186207537524978	0	0	0	0	0	0	0	0	0	0	0	0	0	0	0	0	0	0	0	0	0	0	0	0	0	0	0	0	0	0	0
113123	SN131	0	0.7011115247566878	0	0	0	0	0	0	0	0	0	0	0	0	0	0	0	0	0	0	0	0	0	0	0	0	0	0	0	0	0	0	0
113157	SN25	0	0.6966707768187423	0	0	0	0	0	0	0	0	0	0	0	0	0	0	0	0	0	0	0	0	0	0	0	0	0	0	0	0	0	0	0
113127	SN138	0	0.6946930543300138	0	0	0	0	0	0	0	0	0	0	0	0	0	0	0	0	0	0	0	0	0	0	0	0	0	0	0	0	0	0	0
113072	S3467	0	0.6939937954533896	0	0	0	0	0	0	0	0	0	0	0	0	0	0	0	0	0	0	0	0	0	0	0	0	0	0	0	0	0	0	0
113073	S3468	0	0.6783942963422195	0	0	0	0	0	0	0	0	0	0	0	0	0	0	0	0	0	0	0	0	0	0	0	0	0	0	0	0	0	0	0
112960	S226	0	0.6768966201468352	0	0	0	0	0	0	0	0	0	0	0	0	0	0	0	0	0	0	0	0	0	0	0	0	0	0	0	0	0	0	0
112992	S809	0	0.6750080723280595	0	0	0	0	0	0	0	0	0	0	0	0	0	0	0	0	0	0	0	0	0	0	0	0	0	0	0	0	0	0	0
112981	S579	0	0.6736265741923708	0	0	0	0	0	0	0	0	0	0	0	0	0	0	0	0	0	0	0	0	0	0	0	0	0	0	0	0	0	0	0
113171	SN50	0	0.6735551075268817	0	0	0	0	0	0	0	0	0	0	0	0	0	0	0	0	0	0	0	0	0	0	0	0	0	0	0	0	0	0	0
113182	SN78	0	0.6626045139078638	0	0	0	0	0	0	0	0	0	0	0	0	0	0	0	0	0	0	0	0	0	0	0	0	0	0	0	0	0	0	0
113119	SN122	0	0	0.7640660778541053	0	0	0	0	0	0	0	0	0	0	0	0	0	0	0	0	0	0	0	0	0	0	0	0	0	0	0	0	0	0
113080	S3476	0	0	0.7620156014091596	0	0	0	0	0	0	0	0	0	0	0	0	0	0	0	0	0	0	0	0	0	0	0	0	0	0	0	0	0	0
113190	SN98	0	0	0.7538927335640139	0	0	0	0	0	0	0	0	0	0	0	0	0	0	0	0	0	0	0	0	0	0	0	0	0	0	0	0	0	0
113118	SN117	0	0	0.7470127102519217	0	0	0	0	0	0	0	0	0	0	0	0	0	0	0	0	0	0	0	0	0	0	0	0	0	0	0	0	0	0
113191	SN98b	0	0	0.7455993067215512	0	0	0	0	0	0	0	0	0	0	0	0	0	0	0	0	0	0	0	0	0	0	0	0	0	0	0	0	0	0
113169	SN49	0	0	0.7455912561528623	0	0	0	0	0	0	0	0	0	0	0	0	0	0	0	0	0	0	0	0	0	0	0	0	0	0	0	0	0	0
113086	S3485	0	0	0.7438222734033876	0	0	0	0	0	0	0	0	0	0	0	0	0	0	0	0	0	0	0	0	0	0	0	0	0	0	0	0	0	0
113066	S3340	0	0	0.7408776723999357	0	0	0	0	0	0	0	0	0	0	0	0	0	0	0	0	0	0	0	0	0	0	0	0	0	0	0	0	0	0
113144	SN19	0	0	0.7401951690104264	0	0	0	0	0	0	0	0	0	0	0	0	0	0	0	0	0	0	0	0	0	0	0	0	0	0	0	0	0	0
113071	S3458	0	0	0.7372579246555545	0	0	0	0	0	0	0	0	0	0	0	0	0	0	0	0	0	0	0	0	0	0	0	0	0	0	0	0	0	0
112985	S650	0	0	0.7355881307044925	0	0	0	0	0	0	0	0	0	0	0	0	0	0	0	0	0	0	0	0	0	0	0	0	0	0	0	0	0	0
113117	SN115	0	0	0.7348355525207693	0	0	0	0	0	0	0	0	0	0	0	0	0	0	0	0	0	0	0	0	0	0	0	0	0	0	0	0	0	0
113098	S3517	0	0	0.7323363857850963	0	0	0	0	0	0	0	0	0	0	0	0	0	0	0	0	0	0	0	0	0	0	0	0	0	0	0	0	0	0
113158	SN3	0	0	0.7270957112187328	0	0	0	0	0	0	0	0	0	0	0	0	0	0	0	0	0	0	0	0	0	0	0	0	0	0	0	0	0	0
113133	SN157	0	0	0.7254073627036813	0	0	0	0	0	0	0	0	0	0	0	0	0	0	0	0	0	0	0	0	0	0	0	0	0	0	0	0	0	0
113092	S3491	0	0	0.7241127694859039	0	0	0	0	0	0	0	0	0	0	0	0	0	0	0	0	0	0	0	0	0	0	0	0	0	0	0	0	0	0
113006	S1110	0	0	0.723539859993731	0	0	0	0	0	0	0	0	0	0	0	0	0	0	0	0	0	0	0	0	0	0	0	0	0	0	0	0	0	0
113021	S1502	0	0	0.7197825714774868	0	0	0	0	0	0	0	0	0	0	0	0	0	0	0	0	0	0	0	0	0	0	0	0	0	0	0	0	0	0
113198	SN205	0	0	0.7196689631994623	0	0	0	0	0	0	0	0	0	0	0	0	0	0	0	0	0	0	0	0	0	0	0	0	0	0	0	0	0	0
112958	S199	0	0	0.7139410738117237	0	0	0	0	0	0	0	0	0	0	0	0	0	0	0	0	0	0	0	0	0	0	0	0	0	0	0	0	0	0
113162	SN37	0	0	0.7136654022759034	0	0	0	0	0	0	0	0	0	0	0	0	0	0	0	0	0	0	0	0	0	0	0	0	0	0	0	0	0	0
113181	SN77	0	0	0.7101212605538376	0	0	0	0	0	0	0	0	0	0	0	0	0	0	0	0	0	0	0	0	0	0	0	0	0	0	0	0	0	0
112954	S74	0	0	0.7095552824736789	0	0	0	0	0	0	0	0	0	0	0	0	0	0	0	0	0	0	0	0	0	0	0	0	0	0	0	0	0	0
113126	SN134b	0	0	0.7084611221360274	0	0	0	0	0	0	0	0	0	0	0	0	0	0	0	0	0	0	0	0	0	0	0	0	0	0	0	0	0	0
113083	S3480	0	0	0.7084562820313713	0	0	0	0	0	0	0	0	0	0	0	0	0	0	0	0	0	0	0	0	0	0	0	0	0	0	0	0	0	0
112953	S31	0	0	0.699167599668987	0	0	0	0	0	0	0	0	0	0	0	0	0	0	0	0	0	0	0	0	0	0	0	0	0	0	0	0	0.0319816969283941	0
113110	SN105	0	0	0.697114628236997	0	0	0	0	0	0	0	0	0	0	0	0	0	0	0	0	0	0	0	0	0	0	0	0	0	0	0	0	0	0
113178	SN7	0	0	0.6953089349274436	0	0	0	0	0	0	0	0	0	0	0	0	0	0	0	0	0	0	0	0	0	0	0	0	0	0	0	0	0	0
112964	S284	0	0	0.6943795051626729	0	0	0	0	0	0	0	0	0	0	0	0	0	0	0	0	0	0	0	0	0	0	0	0	0	0	0	0	0	0
113095	S3514	0	0	0.6922172824365067	0	0	0	0	0	0	0	0	0	0	0	0	0	0	0	0	0	0	0	0	0	0	0	0	0	0	0	0	0	0
113130	SN149	0	0	0.689688527761656	0	0	0	0	0	0	0	0	0	0	0	0	0	0	0	0	0	0	0	0	0	0	0	0	0	0	0	0	0	0
113145	SN190	0	0	0	0	0	0	0	0	0	0.3084840213806437	0	0	0	0	0	0	0	0	0	0	0	0	0	0	0	0	0	0	0	0	0.5800636870237689	0	0
113160	SN33	0	0	0	0	0	0	0.34640130393754825	0	0	0	0	0	0	0	0	0	0	0	0	0	0	0	0	0	0	0	0	0	0	0	0.547010380029167	0	0
113036	S2018	0	0	0	0.4007573235685752	0	0	0	0	0	0	0	0	0	0	0	0	0	0	0	0	0	0	0	0	0	0	0	0	0	0	0.5252996005326231	0	0
113074	S3470	0	0	0	0	0	0	0.36474112831765054	0	0	0	0	0	0	0	0	0	0	0	0	0	0	0	0	0	0	0	0	0	0	0	0.5004852525423014	0	0
113040	S2284	0	0	0	0	0	0	0	0	0	0	0	0.3890428165059662	0	0	0	0	0	0	0	0	0	0	0	0	0	0	0	0	0	0	0.4994273892644722	0	0
113114	SN11	0	0	0	0	0	0	0	0	0	0	0	0.4080325050789186	0	0	0	0	0	0	0	0	0	0	0	0	0	0	0	0	0	0	0.4993190900363896	0	0
112970	S419	0	0	0	0.8952696219535597	0	0	0	0	0	0	0	0	0	0	0	0	0	0	0	0	0	0	0	0	0	0	0	0	0	0	0	0	0
112995	S848	0	0	0	0.8914075078383188	0	0	0	0	0	0	0	0	0	0	0	0	0	0	0	0	0	0	0	0	0	0	0	0	0	0	0	0	0
113189	SN94	0	0	0	0.8888148579995003	0	0	0	0	0	0	0	0	0	0	0	0	0	0	0	0	0	0	0	0	0	0	0	0	0	0	0	0	0
113199	SN208	0	0	0	0.8846242309240412	0	0	0	0	0	0	0	0	0	0	0	0	0	0	0	0	0	0	0	0	0	0	0	0	0	0	0	0	0
113082	S3479	0	0	0	0.8822748901903368	0	0	0	0	0	0	0	0	0	0	0	0	0	0	0	0	0	0	0	0	0	0	0	0	0	0	0	0	0
113027	S1753	0	0	0	0.8816198103955541	0	0	0	0	0	0	0	0	0	0	0	0	0	0	0	0	0	0	0	0	0	0	0	0	0	0	0	0	0
113012	S1226	0	0	0	0.8798323978180093	0	0	0	0	0	0	0	0	0	0	0	0	0	0	0	0	0	0	0	0	0	0	0	0	0	0	0.010396078741402484	0	0
113018	S1437	0	0	0	0.862363330529857	0	0	0	0	0	0	0	0	0	0	0	0	0	0	0	0	0	0	0	0	0	0	0	0	0	0	0	0	0
113062	S3204	0	0	0	0.8554921473376409	0	0	0	0	0	0	0	0	0	0	0	0	0	0	0	0	0	0	0	0	0	0	0	0	0	0	0.025373767863038247	0	0
112994	S840	0	0	0	0.8418740849194729	0	0	0	0	0	0	0	0	0	0	0	0	0	0	0	0	0	0	0	0	0	0	0	0	0	0	0	0	0
112987	S670	0	0	0	0.825636871005491	0	0	0	0	0	0	0	0	0	0	0	0	0	0	0	0	0	0	0	0	0	0	0	0	0	0	0	0	0
113201	SN223	0	0	0	0.816101334090264	0	0	0	0	0	0	0	0	0	0	0	0	0	0	0	0	0	0	0	0	0	0	0	0	0	0	0	0	0
112956	S153	0	0	0	0.8073589465788815	0	0	0	0	0	0	0	0	0	0	0	0	0	0	0	0	0	0	0	0	0	0	0	0	0	0	0.021335111259271605	0	0
113163	SN38	0	0	0	0.8019648607883902	0	0	0	0	0	0	0	0	0	0	0	0	0	0	0	0	0.01814031225795932	0	0	0	0	0	0	0	0	0	0	0.00884595002242061	0
112991	S797	0	0	0	0.6928698495119957	0	0	0	0	0	0	0	0	0	0	0	0	0	0	0	0	0	0	0	0	0	0	0	0	0	0	0.14943026107024376	0	0
113129	SN145	0	0	0	0.5135231794000626	0	0	0	0	0	0	0	0	0	0	0	0	0	0	0	0	0	0	0	0	0	0	0	0	0	0	0.399079082659037	0	0
113132	SN152	0	0	0	0.49541201328101414	0	0	0	0	0	0	0	0	0	0	0	0	0	0	0	0	0	0	0	0	0	0	0	0	0	0	0.43036522789012976	0	0
113165	SN40	0	0	0	0.4867009060921124	0	0	0	0	0	0	0	0	0	0	0	0	0	0	0	0	0	0	0	0	0	0	0	0	0	0	0.3923337091319053	0	0
113138	SN172	0	0	0	0.46855796331377353	0	0	0	0	0	0	0	0	0	0	0	0	0	0	0	0	0	0	0	0	0	0	0	0	0	0	0.4210599269971816	0	0
113004	S1104	0	0	0	0.46607294317217984	0	0	0	0	0	0	0	0	0	0	0	0	0	0	0	0	0	0	0	0	0	0	0	0	0	0	0.41772688719253603	0	0
113050	S2879	0	0	0	0	0.9881432662991593	0	0	0	0	0	0	0	0	0	0	0	0	0	0	0	0	0	0	0	0	0	0	0	0	0	0	0	0
113139	SN18	0	0	0	0	0.9852689676616916	0	0	0	0	0	0	0	0	0	0	0	0	0	0	0	0	0	0	0	0	0	0	0	0	0	0	0	0
113061	S3164	0	0	0	0	0.976959988709336	0	0	0	0	0	0	0	0	0	0	0	0	0	0	0	0	0	0	0	0	0	0	0	0	0	0	0	0
113116	SN111	0	0	0	0	0.976921050898795	0	0	0	0	0	0	0	0	0	0	0	0	0	0	0	0	0	0	0	0	0	0	0	0	0	0	0	0
113054	S3035	0	0	0	0	0.9727543635589613	0	0	0	0	0	0	0	0	0	0	0	0	0	0	0	0	0	0	0	0	0	0	0	0	0	0	0	0
113096	S3515	0	0	0	0	0.9662679168013795	0	0	0	0	0	0	0	0	0	0	0	0	0	0	0	0	0	0	0	0	0	0	0	0	0	0	0	0
113124	SN132	0	0	0	0	0.9649015850897056	0	0	0	0	0	0	0	0	0	0	0	0	0	0	0	0	0	0	0	0	0	0	0	0	0	0	0	0
113091	S3490	0	0	0	0	0.9648973124504845	0	0	0	0	0	0	0	0	0	0	0	0	0	0	0	0	0	0	0	0	0	0	0	0	0	0	0	0
112977	S477	0	0	0	0	0.9611603152677338	0	0	0	0	0	0	0	0	0	0	0	0	0	0	0	0	0	0	0	0	0	0	0	0	0	0	0	0
113093	S3512	0	0	0	0	0.9591089411046688	0	0	0	0	0	0	0	0	0	0	0	0	0	0	0	0	0	0	0	0	0	0	0	0	0	0	0	0
113109	SN104	0	0	0	0	0.9585041676053165	0	0	0	0	0	0	0	0	0	0	0	0	0	0	0	0	0	0	0	0	0	0	0	0	0	0	0	0
113020	S1443	0	0	0	0	0.9556227211667626	0	0	0	0	0	0	0	0	0	0	0	0	0	0	0	0	0	0	0	0	0	0	0	0	0	0	0	0
113164	SN4	0	0	0	0	0.9520109505213576	0	0	0	0	0	0	0	0	0	0	0	0	0	0	0	0	0	0	0	0	0	0	0	0	0	0	0	0
113174	SN6	0	0	0	0	0.9408236383398414	0	0	0	0	0	0	0	0	0	0	0	0	0	0	0	0	0	0	0	0	0	0	0	0	0	0	0	0
112988	S755	0	0	0	0	0.9183786785119378	0	0	0	0	0	0	0	0	0	0	0	0	0	0	0	0	0	0	0	0	0	0	0	0	0	0	0	0
113032	S1895	0	0	0	0	0.9099289779408306	0	0	0	0	0	0	0	0	0	0	0	0	0	0	0	0	0	0	0	0	0	0	0	0	0	0	0	0
113039	S2226	0	0	0	0	0.901097891497083	0	0	0	0	0	0	0	0	0	0	0	0	0	0	0	0	0	0	0	0	0	0	0	0	0	0	0	0
113134	SN158	0	0	0	0	0.8681097796675686	0	0	0	0	0	0	0	0	0	0	0	0	0	0	0	0	0	0	0	0	0	0	0	0	0	0	0	0
113090	S3489	0	0	0	0	0.866816333960318	0	0	0	0	0	0	0	0	0	0	0	0	0	0	0	0	0	0	0	0	0	0	0	0	0	0	0	0
113053	S3025	0	0	0	0	0.8588591781404498	0	0	0	0	0	0	0	0	0	0	0	0	0	0	0	0	0	0	0	0	0	0	0	0	0	0	0	0
112997	S915	0	0	0	0	0	0.9935168970527963	0	0	0	0	0	0	0	0	0	0	0	0	0	0	0	0	0	0	0	0	0	0	0	0	0	0	0
113057	S3085	0	0	0	0	0	0.9931949513381996	0	0	0	0	0	0	0	0	0	0	0	0	0	0	0	0	0	0	0	0	0	0	0	0	0	0	0
113102	S3085b	0	0	0	0	0	0.988674052642721	0	0	0	0	0	0	0	0	0	0	0	0	0	0	0	0	0	0	0	0	0	0	0	0	0	0	0
113056	S3081	0	0	0	0	0	0.9870875179340028	0	0	0	0	0	0	0	0	0	0	0	0	0	0	0	0	0	0	0	0	0	0	0	0	0	0	0
113197	S779	0	0	0	0	0	0.9850197208737864	0	0	0	0	0	0	0	0	0	0	0	0	0	0	0	0	0	0	0	0	0	0	0	0	0	0	0
113087	S3486	0	0	0	0	0	0.9831064947468959	0	0	0	0	0	0	0	0	0	0	0	0	0	0	0	0	0	0	0	0	0	0	0	0	0	0	0
112973	S431	0	0	0	0	0	0.982995696441692	0	0	0	0	0	0	0	0	0	0	0	0	0	0	0	0	0	0	0	0	0	0	0	0	0	0	0
113043	S2402	0	0	0	0	0	0.9818301115429263	0	0	0	0	0	0	0	0	0	0	0	0	0	0	0	0	0	0	0	0	0	0	0	0	0	0	0
113153	SN209	0	0	0	0	0	0.9743142765662244	0	0	0	0	0	0	0	0	0	0	0	0	0	0	0	0	0	0	0	0	0	0	0	0	0	0	0
113152	SN2	0	0	0	0	0	0.9721688376396898	0	0	0	0	0	0	0	0	0	0	0	0	0	0	0	0	0	0	0	0	0	0	0	0	0	0	0
113055	S3059	0	0	0	0	0	0.9706732212548783	0	0	0	0	0	0	0	0	0	0	0	0	0	0	0	0	0	0	0	0	0	0	0	0	0	0	0
113002	S1061	0	0	0	0	0	0.9686449349510305	0	0	0	0	0	0	0	0	0	0	0	0	0	0	0	0	0	0	0	0	0	0	0	0	0	0	0
113088	S3487	0	0	0	0	0	0.9655598504530765	0	0	0	0	0	0	0	0	0	0	0	0	0	0	0	0	0	0	0	0	0	0	0	0	0	0	0
113094	S3513	0	0	0	0	0	0.9603681209717403	0	0	0	0	0	0	0	0	0	0	0	0	0	0	0	0	0	0	0	0	0	0	0	0	0	0	0
112966	S335	0	0	0	0	0	0	0.8242662848962061	0	0	0	0	0	0	0	0	0	0	0	0	0	0	0	0	0	0	0	0	0	0	0	0	0	0
113141	SN183	0	0	0	0	0	0	0.8124035899593325	0	0	0	0	0	0	0	0	0	0	0	0	0	0	0	0	0	0	0	0	0	0	0	0	0	0
113192	S1791	0	0	0	0	0	0	0.8004773427917924	0	0	0	0	0	0	0	0	0	0	0	0	0	0	0	0	0	0	0	0	0	0	0	0	0	0
113142	SN184	0	0	0	0	0	0	0.7975460122699386	0	0	0	0	0	0	0	0	0	0	0	0	0	0	0	0	0	0	0	0	0	0	0	0	0	0
113187	SN9	0	0	0	0	0	0	0.7852794043510296	0	0	0	0	0	0	0	0	0	0	0	0	0	0	0	0	0	0	0	0	0	0	0	0	0	0
113131	SN150	0	0	0	0	0	0	0.496370525123048	0	0	0	0	0	0	0	0	0	0	0	0	0	0	0	0	0	0	0	0	0	0	0	0.3262278247937396	0	0
113166	SN42	0	0	0	0	0	0	0.4093981217985202	0	0	0	0	0	0	0	0	0	0	0	0	0	0	0	0	0	0	0	0	0	0	0	0.4308480364257256	0	0
113176	SN63	0	0	0	0	0	0	0.40262321144674085	0	0	0	0	0	0	0	0	0	0	0	0	0	0	0	0	0	0	0	0	0	0	0	0.4156399046104928	0	0
113017	S1418	0	0	0	0	0	0	0	0.9776212184003316	0	0	0	0	0	0	0	0	0	0	0	0	0	0	0	0	0	0	0	0	0	0	0	0	0
112975	S471	0	0	0	0	0	0	0	0.9758489587833751	0	0	0	0	0	0	0	0	0	0	0	0	0	0	0	0	0	0	0	0	0	0	0	0	0
112955	S148	0	0	0	0	0	0	0	0.9745954253684116	0	0	0	0	0	0	0	0	0	0	0	0	0	0	0	0	0	0	0	0	0	0	0	0	0
113029	S1803	0	0	0	0	0	0	0	0.9714428500035696	0	0	0	0	0	0	0	0	0	0	0	0	0	0	0	0	0	0	0	0	0	0	0	0	0
112999	S955	0	0	0	0	0	0	0	0.9706030875775501	0	0	0	0	0	0	0	0	0	0	0	0	0	0	0	0	0	0	0	0	0	0	0	0	0
113003	S1068	0	0	0	0	0	0	0	0.968432289548597	0	0	0	0	0	0	0	0	0	0	0	0	0	0	0	0	0	0	0	0	0	0	0	0	0
113019	S1441	0	0	0	0	0	0	0	0.9671549045716822	0	0	0	0	0	0	0	0	0	0	0	0	0	0	0	0	0	0	0	0	0	0	0	0	0
112996	S914	0	0	0	0	0	0	0	0.9666101018167299	0	0	0	0	0	0	0	0	0	0	0	0	0	0	0	0	0	0	0	0	0	0	0	0	0
113067	S3383	0	0	0	0	0	0	0	0.8256431621706072	0	0	0	0	0	0	0	0	0	0	0	0.12831996667013854	0	0	0	0	0	0	0	0	0	0	0	0	0
113149	SN197	0	0	0	0	0	0	0	0	0.5491489361702128	0	0	0	0	0	0	0	0	0	0	0	0	0	0	0	0	0	0	0	0	0	0	0	0
113058	S3086	0	0	0	0	0	0	0	0	0.5350234341712825	0	0	0	0	0	0	0	0	0	0	0	0	0	0	0	0	0	0	0	0	0	0	0	0
113173	SN56	0	0	0	0	0	0	0	0	0.5291174478970732	0	0	0	0	0	0	0	0	0	0	0	0	0	0	0	0	0	0	0	0	0	0	0	0
113097	S3516	0	0	0	0	0	0	0	0	0.3981016192071468	0	0	0	0	0	0	0	0	0	0	0	0	0	0	0	0	0	0	0	0	0	0	0	0
113185	SN87	0	0	0	0	0	0	0	0	0.36586678627494956	0	0	0	0	0	0	0	0	0	0	0	0	0	0	0	0	0	0	0	0	0	0	0	0
113150	SN198	0	0	0	0	0	0	0	0	0.36579108592433757	0	0	0	0	0	0	0	0	0	0	0	0	0	0	0	0	0	0	0	0	0	0	0	0
113136	SN169	0	0	0	0	0	0	0	0	0.3575604308985812	0	0	0	0	0	0	0	0	0	0	0	0	0	0	0	0	0	0	0	0	0	0	0	0
112965	S314	0	0	0	0	0	0	0	0	0.3432354438974707	0	0	0	0	0	0	0	0	0	0	0	0	0	0	0	0	0	0	0	0	0	0	0	0
112976	S473	0	0	0	0	0	0	0	0	0.34006255331248225	0	0	0	0	0	0	0	0	0	0	0	0	0	0	0	0	0	0	0	0	0	0	0	0
112967	S377	0	0	0	0	0	0	0	0	0	0.8870770627466043	0	0	0	0	0	0	0	0	0	0	0	0	0	0	0	0	0	0	0	0	0	0	0
113147	SN192	0	0	0	0	0	0	0	0	0	0.8836631542876724	0	0	0	0	0	0	0	0	0	0	0	0	0	0	0	0	0	0	0	0	0	0	0
113068	S3422	0	0	0	0	0	0	0	0	0	0.8770053475935828	0	0	0	0	0	0	0	0	0	0	0	0	0	0	0	0	0	0	0	0	0	0	0
113084	S3482	0	0	0	0	0	0	0	0	0	0.8673217261391715	0	0	0	0	0	0	0	0	0	0	0	0	0	0	0	0	0	0	0	0	0	0	0
113183	SN82	0	0	0	0	0	0	0	0	0	0.8635866474165463	0	0	0	0	0	0	0	0	0	0	0	0	0	0	0	0	0	0	0	0	0	0	0
112978	S488	0	0	0	0	0	0	0	0	0	0	0.9170064448244114	0	0	0	0	0	0	0	0	0	0	0	0	0	0	0	0	0	0	0	0	0	0
113047	S2731	0	0	0	0	0	0	0	0	0	0	0.9157228667064056	0	0	0	0	0	0	0	0	0	0	0	0	0	0	0	0	0	0	0	0	0	0
113009	S1144	0	0	0	0	0	0	0	0	0	0	0.9146931184128952	0	0	0	0	0	0	0	0	0	0	0	0	0	0	0	0	0	0	0	0	0	0
113063	S3246	0	0	0	0	0	0	0	0	0	0	0.9143227909222598	0	0	0	0	0	0	0	0	0	0	0	0	0	0	0	0	0	0	0	0	0	0
113001	S1037	0	0	0	0	0	0	0	0	0	0	0.9126094427624581	0	0	0	0	0	0	0	0	0	0	0	0	0	0	0	0	0	0	0	0	0	0
113146	SN191	0	0	0	0	0	0	0	0	0	0	0.9115386304739316	0	0	0	0	0	0	0	0	0	0	0	0	0	0	0	0	0	0	0	0	0	0
113161	SN35	0	0	0	0	0	0	0	0	0	0	0.8900738881918304	0	0	0	0	0	0	0	0	0	0	0	0	0	0	0	0	0	0	0	0	0	0
112957	S179	0	0	0	0	0	0	0	0	0	0	0	0.5354661791590494	0	0	0	0	0	0	0	0	0	0	0	0	0	0	0	0	0	0	0.341636197440585	0	0
113167	SN45	0	0	0	0	0	0	0	0	0	0	0	0.5297697368421053	0	0	0	0	0	0	0	0	0	0	0	0	0	0	0	0	0	0	0.3416529605263158	0	0
113115	SN110	0	0	0	0	0	0	0	0	0	0	0	0.5229687419801878	0	0	0	0	0	0	0	0	0	0	0	0	0	0	0	0	0	0	0.35138325719858343	0	0
113128	SN141	0	0	0	0	0	0	0	0	0	0	0	0.2147783632982021	0	0	0	0	0	0	0	0	0	0	0	0	0	0	0	0	0	0	0	0.7079200247985121	0
113122	SN127	0	0	0	0	0	0	0	0	0	0	0	0.2150721174362038	0	0	0	0	0	0	0	0	0	0	0	0	0	0	0	0	0	0	0	0.7051292993086968	0
113202	SN84	0	0	0	0	0	0	0	0	0	0.25051869509557234	0	0	0	0	0	0	0	0	0	0	0	0	0	0	0	0	0	0	0	0	0	0.64154858076193	0
113121	SN126	0	0	0	0	0	0	0	0	0	0.28356392807246833	0	0	0	0	0	0	0	0	0	0	0	0	0	0	0	0	0	0	0	0	0	0.600027040425436	0
113064	S3317	0	0	0	0	0	0	0	0	0	0	0	0	0.8300898203592815	0	0	0	0	0	0	0	0	0	0	0	0	0	0	0	0	0	0	0	0
113076	S3472	0	0	0	0	0	0	0	0	0	0	0	0	0.8237707159656512	0	0	0	0	0	0	0	0	0	0	0	0	0	0	0	0	0	0	0	0
113170	SN49b	0	0	0	0	0	0	0	0	0	0	0	0	0.8211705029430062	0	0	0	0	0	0	0	0	0	0	0	0	0	0	0	0	0	0	0	0
113155	SN21	0	0	0	0	0	0	0	0	0	0	0	0	0.8182016518622409	0	0	0	0	0	0	0	0	0	0	0	0	0	0	0	0	0	0	0	0
113077	S3473	0	0	0	0	0	0	0	0	0	0	0	0	0.8158368522701234	0	0	0	0	0	0	0	0	0	0	0	0	0	0	0	0	0	0	0	0
113060	S3149	0	0	0	0	0	0	0	0	0	0	0	0	0.8073639068114207	0	0	0	0	0	0	0	0	0	0	0	0	0	0	0	0	0	0	0	0
113103	S3149b	0	0	0	0	0	0	0	0	0	0	0	0	0.7893591293833133	0	0	0	0	0	0	0	0	0	0	0	0	0	0	0	0	0	0	0	0
113037	S2142	0	0	0	0	0	0	0	0	0	0	0	0	0	1.0	0	0	0	0	0	0	0	0	0	0	0	0	0	0	0	0	0	0	0
113028	S1771	0	0	0	0	0	0	0	0	0	0	0	0	0	1.0	0	0	0	0	0	0	0	0	0	0	0	0	0	0	0	0	0	0	0
113015	S1279	0	0	0	0	0	0	0	0	0	0	0	0	0	1.0	0	0	0	0	0	0	0	0	0	0	0	0	0	0	0	0	0	0	0
112990	S785	0	0	0	0	0	0	0	0	0	0	0	0	0	1.0	0	0	0	0	0	0	0	0	0	0	0	0	0	0	0	0	0	0	0
113113	SN109	0	0	0	0	0	0	0	0	0	0	0	0	0	0.9948874445149017	0	0	0	0	0	0	0	0	0	0	0	0	0	0	0	0	0	0	0
113104	S3477a	0	0	0	0	0	0	0	0	0	0	0	0	0	0.7126450251962967	0	0	0	0	0	0	0	0	0	0	0	0	0	0	0	0	0	0	0
112983	S619	0	0	0	0	0	0	0	0	0	0	0	0	0	0	0.6734916964473407	0	0	0	0	0	0	0	0	0	0	0	0	0	0	0	0.1566113096489384	0	0
113008	S1133	0	0	0	0	0	0	0	0	0	0	0	0	0	0	0.5939664063651098	0	0	0	0	0	0	0	0	0	0	0	0	0	0	0	0.2523574480624724	0	0
113188	SN92	0	0	0	0	0	0	0	0	0	0	0	0	0	0	0.5932822362488729	0	0	0	0	0	0	0	0	0	0	0	0	0	0	0	0.23868349864743013	0	0
113180	SN72	0	0	0	0	0	0	0	0	0	0	0	0	0	0	0.5711255795600276	0	0	0	0	0	0	0	0	0	0	0	0	0	0	0	0.28410772417875113	0	0
113203	SN96	0	0	0	0	0	0	0	0	0	0	0	0	0	0	0.549172416258535	0	0	0	0	0	0.02477388910735352	0	0	0	0	0	0	0	0	0	0.3056518785972187	0	0
113156	SN217b	0	0	0	0	0	0	0	0	0	0	0	0	0	0	0	0.8037648730243296	0	0	0	0	0	0	0	0	0	0	0	0	0	0	0	0	0
113107	S775b	0	0	0	0	0	0	0	0	0	0	0	0	0	0	0	0.8011966964436205	0	0	0	0	0	0	0	0	0	0	0	0	0	0	0	0	0
112963	S263	0	0	0	0	0	0	0	0	0	0	0	0	0	0	0	0.7836813742000673	0	0	0	0	0	0	0	0	0	0	0	0	0	0	0	0	0
112986	S664	0	0	0	0	0	0	0	0	0	0	0	0	0	0	0	0.783244245663794	0	0	0	0	0	0	0	0	0	0	0	0	0	0	0	0	0
113184	SN85	0	0	0	0	0	0	0	0	0	0	0	0	0	0	0	0	0.8699070764832023	0	0	0	0	0	0	0	0	0	0	0	0	0	0	0	0
113108	SN102	0	0	0	0	0	0	0	0	0	0	0	0	0	0	0	0	0.8613697114941469	0	0	0	0	0	0	0	0	0	0	0	0	0	0	0	0
113048	S2736	0	0	0	0	0	0	0	0	0	0	0	0	0	0	0	0	0.8542797032443805	0	0	0	0	0	0	0	0	0	0	0	0	0	0	0	0
113186	SN89	0	0	0	0	0	0	0	0	0	0	0	0	0	0	0	0	0.852885792298277	0	0	0	0	0	0	0	0	0	0	0	0	0	0	0	0
113022	S1526	0	0	0	0	0	0	0	0	0	0	0	0	0	0	0	0	0	0.9130434782608695	0	0	0	0	0	0	0	0	0	0	0	0	0	0	0
113112	SN108	0	0	0	0	0	0	0	0	0	0	0	0	0	0	0	0	0	0.910046511627907	0	0	0	0	0	0	0	0	0	0	0	0	0	0	0
113033	S1943	0	0	0	0	0	0	0	0	0	0	0	0	0	0	0	0	0	0.9008196345986538	0	0	0	0	0	0	0	0	0	0	0	0	0	0	0
113159	SN30	0	0	0	0	0	0	0	0	0	0	0	0	0	0	0	0	0	0	0.9303684780925839	0	0	0	0	0	0	0	0	0	0	0	0	0	0
113137	SN170	0	0	0	0	0	0	0	0	0	0	0	0	0	0	0	0	0	0	0.9155687124749833	0	0	0	0	0	0	0	0	0	0	0	0	0	0
113151	SN198b	0	0	0	0	0	0	0	0	0	0	0	0	0	0	0	0	0	0	0.4379904755516802	0	0	0	0	0	0	0	0	0	0	0	0	0	0
113125	SN134	0	0	0	0	0	0	0	0	0	0	0	0	0	0	0	0	0	0	0	0.6093366093366094	0	0	0	0	0	0	0	0	0	0	0	0	0
113081	S3478	0	0	0	0	0	0	0	0	0	0	0	0	0	0	0	0	0	0	0	0	0	0.6270262411863051	0	0	0	0	0	0	0	0	0	0	0
113010	S1166	0	0	0	0	0	0	0	0	0	0	0	0	0	0	0	0	0	0	0	0	0	0.4861717612809316	0	0	0	0	0	0	0	0	0	0	0
113100	S1388a	0	0	0	0	0	0	0	0	0	0	0	0	0	0	0	0	0	0	0	0	0	0	0.5403293329612057	0	0	0	0	0	0	0	0	0	0
113101	S1388b	0	0	0	0	0	0	0	0	0	0	0	0	0	0	0	0	0	0	0	0	0	0	0	0	0	0	0.6568627450980392	0	0	0	0	0	0
113148	SN192b	0	0	0	0	0	0	0	0	0	0	0	0	0	0	0	0	0	0	0	0	0	0	0	0	0	0	0	0.8330781010719756	0	0	0	0	0
112969	S403	0	0	0	0	0	0	0	0	0	0	0	0	0	0	0	0	0	0	0	0	0	0	0	0	0	0	0	0	0.6008915694244132	0	0	0	0
113196	S3481	0	0	0	0	0	0	0	0	0	0	0	0	0	0	0	0	0	0	0	0	0	0	0	0	0	0	0	0	0	0	0	0	0
113195	S3469	0	0	0	0	0	0	0	0	0	0	0	0	0	0	0	0	0	0	0	0	0	0	0	0	0	0	0	0	0	0	0	0	0
113154	SN209b	0	0	0	0	0	0	0	0	0	0	0	0	0	0	0	0	0	0	0	0	0	0	0	0	0	0	0	0	0	0	0	0	0
113105	S3477b	0	0	0	0	0	0	0	0	0	0	0	0	0	0	0	0	0	0	0	0	0	0	0	0	0	0	0	0	0	0	0	0	0
113085	S3484	0	0	0	0	0	0	0	0	0	0	0	0	0	0	0	0	0	0	0	0	0	0	0	0	0	0	0	0	0	0	0	0	0
113011	S1195	0	0	0	0	0	0	0	0	0	0	0	0	0	0	0	0	0	0	0	0	0	0	0	0	0	0	0	0	0	0	0	0	0
113007	S1110B	0	0	0	0	0	0	0	0	0	0	0	0	0	0	0	0	0	0	0	0	0	0	0	0	0	0	0	0	0	0	0	0	0
Sequence accession / SymPortal UID		25883-32-41-25896	517-70877-70879-519-6417-70882-518	517-70877-70879-519-70883-3419-70880	62831-49066-62833-41-70819-70818-38924	106-1-2-4-109	106-1-2	62831-49066-41-38924-471943-62836-70991	2-4-6276-32-11962	1-2-4-20-32	62831-49066-41-38924-70819-62836-70818-70820	2-308-4-835-32-1	49066/62831-41-38924-70818-70820-62836	62831-49066-70819-41-38924-70839	106-270513-1-2	62831-49066-41-38924-62833-70819	2-4-32-833-308-1	106-1-301-109-130-111-2	2-308-4-828-835	106/1-2-108-4-5-32-20-117-118	517-519		2/517-4-32	62831-62833-49066	62831-49066	106-62831	1584-517	62831-517-49066-70882-41	62831-49066-41-38924-62836	1-2-4-108-5-20-32-117-15	1584	853/854-933-1674-2582-1768-70902	853/854-933-1674-70902	853-854-933-1674
Average defining sequence proportions and [stdev]		0.870[0.019]-0.066[0.011]-0.047[0.009]-0.017[0.011]	0.711[0.017]-0.076[0.011]-0.050[0.012]-0.047[0.007]-0.047[0.012]-0.040[0.017]-0.028[0.005]	0.728[0.020]-0.096[0.011]-0.056[0.010]-0.036[0.007]-0.033[0.007]-0.027[0.003]-0.024[0.005]	0.583[0.057]-0.130[0.032]-0.087[0.023]-0.076[0.037]-0.060[0.007]-0.032[0.010]-0.032[0.009]	0.850[0.051]-0.069[0.021]-0.059[0.022]-0.014[0.008]-0.008[0.002]	0.935[0.011]-0.035[0.007]-0.030[0.005]	0.496[0.030]-0.248[0.010]-0.111[0.027]-0.049[0.017]-0.034[0.011]-0.034[0.003]-0.027[0.009]	0.413[0.027]-0.297[0.007]-0.174[0.015]-0.082[0.006]-0.034[0.004]	0.471[0.062]-0.360[0.036]-0.107[0.024]-0.032[0.009]-0.030[0.008]	0.466[0.054]-0.263[0.056]-0.116[0.007]-0.045[0.007]-0.037[0.025]-0.031[0.011]-0.025[0.010]-0.018[0.013]	0.794[0.003]-0.118[0.003]-0.034[0.004]-0.024[0.002]-0.022[0.001]-0.009[0.001]	0.374[0.045]/0.358[0.059]-0.127[0.018]-0.044[0.007]-0.038[0.004]-0.033[0.003]-0.027[0.013]	0.473[0.007]-0.176[0.011]-0.133[0.004]-0.111[0.005]-0.056[0.003]-0.051[0.004]	0.811[0.263]-0.082[0.079]-0.059[0.104]-0.049[0.081]	0.521[0.007]-0.178[0.004]-0.119[0.003]-0.064[0.003]-0.059[0.003]-0.059[0.002]	0.714[0.011]-0.078[0.006]-0.066[0.005]-0.059[0.005]-0.058[0.004]-0.026[0.001]	0.327[0.022]-0.293[0.018]-0.186[0.003]-0.054[0.009]-0.049[0.003]-0.048[0.005]-0.042[0.002]	0.789[0.003]-0.121[0.004]-0.035[0.006]-0.032[0.001]-0.023[0.001]	0.476[0.393]/0.185[0.165]-0.174[0.135]-0.052[0.023]-0.047[0.032]-0.018[0.008]-0.015[0.014]-0.014[0.015]-0.012[0.001]-0.007[0.003]	0.916[0.039]-0.084[0.039]	0.534[0.132]/0.466[0.132]	0.485[0.262]/0.279[0.110]-0.161[0.129]-0.076[0.023]	0.676[nan]-0.231[nan]-0.093[nan]	0.716[nan]-0.284[nan]	0.870[nan]-0.130[nan]	0.944[nan]-0.056[nan]	0.463[nan]-0.343[nan]-0.134[nan]-0.030[nan]-0.030[nan]	0.544[nan]-0.275[nan]-0.115[nan]-0.042[nan]-0.024[nan]	0.497[nan]-0.280[nan]-0.084[nan]-0.059[nan]-0.021[nan]-0.021[nan]-0.017[nan]-0.011[nan]-0.010[nan]	1.000[nan]	0.375[0.032]/0.339[0.022]-0.158[0.012]-0.047[0.007]-0.031[0.019]-0.029[0.023]-0.021[0.008]	0.391[0.046]/0.373[0.046]-0.171[0.013]-0.044[0.009]-0.021[0.003]	0.409[0.021]-0.292[0.108]-0.224[0.071]-0.075[0.017]
